1 0 0 0 0 1 0 0 0 0 1 0 0 0 0 1 
0.999994 -0.00199169 -0.00282339 0 0.00198135 0.999991 -0.00366203 0 0.00283066 0.00365641 0.999989 0 -0.00136384 0.00249959 0.00140007 1 
0.999977 -0.00195549 -0.00644955 0 0.00193225 0.999992 -0.00360726 0 0.00645655 0.00359472 0.999973 0 -0.000657022 0.00334879 0.00193648 1 
0.999987 0.000182346 -0.00509778 0 -0.000211716 0.999983 -0.0057614 0 0.00509665 0.00576241 0.99997 0 0.000245679 0.00353076 0.00262011 1 
0.999988 -0.000222454 -0.00500391 0 0.000198899 0.999989 -0.00470727 0 0.00500491 0.00470622 0.999976 0 0.000503577 0.00334558 0.00256818 1 
0.999985 0.000217379 -0.00549856 0 -0.000243215 0.999989 -0.00469858 0 0.00549748 0.00469984 0.999974 0 0.00068929 0.00332021 0.00273816 1 
0.999979 -4.57952e-005 -0.00643493 0 1.62921e-005 0.99999 -0.00458484 0 0.00643507 0.00458464 0.999969 0 0.00108086 0.0034417 0.00308139 1 
0.999978 0.00236511 -0.0062931 0 -0.00239003 0.999989 -0.00395422 0 0.00628368 0.00396918 0.999972 0 0.00105626 0.00272208 0.00307922 1 
0.999979 0.00193672 -0.00623692 0 -0.0019548 0.999994 -0.00289358 0 0.00623128 0.00290572 0.999977 0 0.00134294 0.00217356 0.00302628 1 
0.99998 0.00170369 -0.00609661 0 -0.00171885 0.999996 -0.00248231 0 0.00609236 0.00249274 0.999979 0 0.00123561 0.00214105 0.00302674 1 
0.99998 0.00170369 -0.00609661 0 -0.00171885 0.999996 -0.00248231 0 0.00609236 0.00249274 0.999979 0 0.00123561 0.00214105 0.00302674 1 
0.99994 0.00314382 -0.010547 0 -0.00312411 0.999994 0.00188472 0 0.0105529 -0.00185165 0.999943 0 0.00227829 0.000852926 0.00314317 1 
0.999856 -0.000460849 -0.0169676 0 0.000573184 0.999978 0.00661624 0 0.0169641 -0.00662501 0.999834 0 0.00368753 0.00114545 0.00342181 1 
0.999369 0.0072305 -0.0347919 0 -0.00657917 0.999802 0.018799 0 0.034921 -0.0185582 0.999218 0 0.00761 -0.00162364 0.00367985 1 
0.99952 0.00448551 -0.0306477 0 -0.00355075 0.999529 0.0304867 0 0.0307701 -0.0303632 0.999065 0 0.00643783 -0.00485299 0.00325787 1 
0.999557 0.0167557 -0.0246078 0 -0.0156518 0.998892 0.0443851 0 0.0253242 -0.0439803 0.998712 0 0.00621802 -0.00579976 0.00339519 1 
0.999505 0.0221039 -0.0223969 0 -0.0210148 0.998639 0.0477461 0 0.0234218 -0.0472517 0.998609 0 0.00604707 -0.00701063 0.00369034 1 
0.999627 0.0192615 -0.0193939 0 -0.0181604 0.998297 0.0554359 0 0.0204287 -0.0550629 0.998274 0 0.00521587 -0.00978267 0.0039884 1 
0.999469 0.0187345 -0.0266698 0 -0.0168633 0.997493 0.0687348 0 0.0278906 -0.0682485 0.997279 0 0.00669927 -0.0120331 0.00485138 1 
0.999222 0.0222102 -0.0325972 0 -0.0197678 0.997105 0.0734259 0 0.0341337 -0.0727243 0.996768 0 0.00824651 -0.0132836 0.0057689 1 
0.998782 0.0274133 -0.041021 0 -0.0239859 0.996358 0.0818301 0 0.0431149 -0.0807465 0.995802 0 0.0100507 -0.0153801 0.00597435 1 
0.998189 0.0281309 -0.0531761 0 -0.0232497 0.995645 0.0902811 0 0.0554842 -0.0888813 0.994496 0 0.0117665 -0.0166041 0.00618905 1 
0.99725 0.0263886 -0.0692636 0 -0.0195546 0.995039 0.0975532 0 0.0714943 -0.0959304 0.992817 0 0.0147891 -0.0166853 0.00656314 1 
0.996838 0.0295807 -0.0737547 0 -0.0222064 0.994853 0.0988711 0 0.0762997 -0.0969205 0.992364 0 0.0155356 -0.0169317 0.00667518 1 
0.995885 0.0255738 -0.0869482 0 -0.0167789 0.994805 0.100417 0 0.0890644 -0.0985447 0.991139 0 0.017315 -0.0167818 0.00713385 1 
0.99479 0.0266742 -0.0983935 0 -0.016778 0.99484 0.100067 0 0.100555 -0.097895 0.990104 0 0.0192787 -0.0168926 0.00753865 1 
0.993062 0.0259351 -0.114695 0 -0.0143829 0.994841 0.100425 0 0.116707 -0.0980786 0.988312 0 0.0232525 -0.0167618 0.00816537 1 
0.991305 0.0243033 -0.129323 0 -0.0112885 0.99488 0.100435 0 0.131102 -0.0981019 0.986503 0 0.0259445 -0.0168607 0.00849662 1 
0.989909 0.0283689 -0.138836 0 -0.0148278 0.995114 0.097613 0 0.140927 -0.0945693 0.985493 0 0.02823 -0.0164616 0.00936796 1 
0.98889 0.0253727 -0.146469 0 -0.0114124 0.995376 0.0953778 0 0.148211 -0.0926465 0.984607 0 0.0293489 -0.0166351 0.0098859 1 
0.988255 0.0251216 -0.150738 0 -0.0110239 0.995545 0.0936419 0 0.152418 -0.0908803 0.984129 0 0.0317074 -0.0154993 0.0105987 1 
0.985423 0.0191514 -0.169041 0 -0.00457342 0.996267 0.086211 0 0.170061 -0.0841812 0.981832 0 0.0362039 -0.0160893 0.0106646 1 
0.984981 0.0198743 -0.171515 0 -0.00530137 0.996367 0.0850093 0 0.172581 -0.0828232 0.981508 0 0.03626 -0.0162785 0.0107408 1 
0.985083 0.0215046 -0.170733 0 -0.00708191 0.996387 0.0846384 0 0.171937 -0.0821667 0.981676 0 0.0363172 -0.0162724 0.0106695 1 
0.984691 0.0200047 -0.17316 0 -0.00540282 0.996419 0.0843899 0 0.174228 -0.0821624 0.981272 0 0.0366616 -0.015408 0.0105403 1 
0.984117 0.0194289 -0.176457 0 -0.00506745 0.996663 0.0814768 0 0.177451 -0.0792884 0.980931 0 0.0372959 -0.0160129 0.0106026 1 
0.983956 0.0211805 -0.177147 0 -0.00718585 0.996828 0.0792715 0 0.178264 -0.0767267 0.980987 0 0.0374433 -0.0162361 0.0104716 1 
0.982932 0.0190608 -0.18298 0 -0.00457154 0.996842 0.0792827 0 0.183913 -0.077093 0.979915 0 0.0387162 -0.0148669 0.00974885 1 
0.982932 0.0190608 -0.18298 0 -0.00457154 0.996842 0.0792827 0 0.183913 -0.077093 0.979915 0 0.0387162 -0.0148669 0.00974885 1 
0.981388 0.0112536 -0.191705 0 0.00219103 0.997561 0.0697761 0 0.192023 -0.0688975 0.97897 0 0.0407317 -0.0127036 0.00886649 1 
0.981539 0.0124838 -0.190853 0 -8.77355e-005 0.997898 0.0648219 0 0.191261 -0.0636085 0.979476 0 0.0410235 -0.0119866 0.0083502 1 
0.980731 0.00505341 -0.195299 0 0.00647696 0.998276 0.0583559 0 0.195257 -0.0584963 0.979006 0 0.0451221 -0.0104234 0.00760188 1 
0.978638 -0.00301856 -0.20557 0 0.0132138 0.998749 0.0482403 0 0.205167 -0.0499261 0.977453 0 0.0436981 -0.00863853 0.00641824 1 
0.980016 -0.00154432 -0.198915 0 0.00584761 0.999762 0.0210483 0 0.198835 -0.0217908 0.979791 0 0.0430815 -0.00434437 0.00740097 1 
0.981149 -0.0105522 -0.192962 0 0.0110919 0.999938 0.00171667 0 0.192932 -0.00382456 0.981205 0 0.0420092 -0.000728087 0.00858334 1 
0.981109 -0.0193448 -0.192488 0 0.0146742 0.999564 -0.0256605 0 0.1929 0.0223512 0.980964 0 0.0402278 0.00371962 0.00969584 1 
0.981078 -0.0301231 -0.191256 0 0.0218453 0.998738 -0.0452432 0 0.192378 0.0402092 0.980497 0 0.0402923 0.0077601 0.0109665 1 
0.980937 -0.035903 -0.190979 0 0.0241216 0.997681 -0.0636612 0 0.192821 0.057841 0.979528 0 0.0400282 0.00981225 0.0130344 1 
0.981081 -0.0382235 -0.189788 0 0.0242583 0.996861 -0.0753691 0 0.192073 0.0693393 0.978928 0 0.0399926 0.012146 0.0137257 1 
0.981816 -0.0419992 -0.185129 0 0.0251733 0.995412 -0.0923191 0 0.188157 0.0859802 0.978369 0 0.0391361 0.0155738 0.0149137 1 
0.981652 -0.0484064 -0.184432 0 0.0290763 0.99393 -0.106108 0 0.188449 0.0987985 0.977101 0 0.0376369 0.0179712 0.0154891 1 
0.982481 -0.0467603 -0.180399 0 0.0252383 0.992478 -0.119803 0 0.184643 0.113151 0.976271 0 0.0374853 0.0196649 0.0164247 1 
0.983682 -0.0488012 -0.173172 0 0.0263621 0.991219 -0.129586 0 0.177975 0.122906 0.97633 0 0.0368599 0.0207293 0.0169061 1 
0.98352 -0.0560976 -0.171878 0 0.0312873 0.989114 -0.143795 0 0.178073 0.136047 0.974568 0 0.0362582 0.0233476 0.017253 1 
0.983714 -0.057484 -0.170299 0 0.0289175 0.985753 -0.165699 0 0.177397 0.158076 0.971361 0 0.0356559 0.0265025 0.0183495 1 
0.983397 -0.061846 -0.170603 0 0.0314812 0.984021 -0.175255 0 0.178715 0.166975 0.96963 0 0.0365397 0.0288216 0.018785 1 
0.982916 -0.0662249 -0.171729 0 0.0337725 0.982079 -0.185423 0 0.180931 0.176455 0.967537 0 0.035542 0.0298035 0.0191041 1 
0.98166 -0.0735259 -0.175894 0 0.0382905 0.979877 -0.195902 0 0.186758 0.185574 0.96472 0 0.0371303 0.0312877 0.018815 1 
0.979741 -0.0771859 -0.184796 0 0.0391157 0.978726 -0.201414 0 0.196411 0.190105 0.961917 0 0.0380279 0.0327201 0.0187988 1 
0.97912 -0.076698 -0.188261 0 0.0340316 0.974869 -0.220169 0 0.200416 0.209165 0.957123 0 0.0385588 0.0362075 0.0192944 1 
0.978863 -0.0810894 -0.187757 0 0.0359882 0.97201 -0.232172 0 0.201328 0.220508 0.954382 0 0.0385528 0.0378507 0.0197596 1 
0.977833 -0.0940636 -0.187071 0 0.0438099 0.965551 -0.256503 0 0.204754 0.242622 0.948268 0 0.0376971 0.0420981 0.0203211 1 
0.977599 -0.101652 -0.184303 0 0.048307 0.960631 -0.2736 0 0.204859 0.258568 0.944022 0 0.038415 0.0447305 0.0207456 1 
0.976876 -0.10553 -0.185947 0 0.0486738 0.956632 -0.287207 0 0.208191 0.271515 0.939647 0 0.0385967 0.0453179 0.0214446 1 
0.977043 -0.10422 -0.185809 0 0.0461551 0.95501 -0.292964 0 0.207981 0.277663 0.937896 0 0.0389743 0.0466612 0.0214994 1 
0.978005 -0.105632 -0.179855 0 0.0467968 0.951421 -0.304318 0 0.203263 0.289208 0.935438 0 0.0379996 0.0485659 0.0217194 1 
0.978325 -0.111976 -0.17419 0 0.0527134 0.948144 -0.313444 0 0.200255 0.297468 0.933494 0 0.0372695 0.0503951 0.0218581 1 
0.979627 -0.108345 -0.169096 0 0.0490694 0.945603 -0.321604 0 0.194741 0.306754 0.931654 0 0.0356996 0.0502366 0.0221978 1 
0.981698 -0.105628 -0.158469 0 0.0474165 0.941456 -0.333788 0 0.184448 0.320165 0.929233 0 0.0370243 0.0518717 0.0225217 1 
0.981835 -0.105417 -0.157756 0 0.0468055 0.940327 -0.337042 0 0.183872 0.323536 0.928179 0 0.034371 0.0525121 0.0223467 1 
0.987577 -0.0809858 -0.134662 0 0.0298193 0.937978 -0.345412 0 0.154283 0.337105 0.92874 0 0.0268023 0.052225 0.0223303 1 
0.991291 -0.0657006 -0.114132 0 0.0223255 0.937959 -0.346031 0 0.129785 0.340469 0.931256 0 0.0247228 0.0516154 0.0223589 1 
0.993045 -0.0596487 -0.101509 0 0.0213868 0.939211 -0.342676 0 0.115778 0.338122 0.933954 0 0.0261984 0.0496862 0.0221668 1 
0.993083 -0.0587661 -0.101646 0 0.0207819 0.940039 -0.340438 0 0.115557 0.335971 0.934757 0 0.025643 0.048796 0.0218882 1 
0.993977 -0.053959 -0.0953855 0 0.0188401 0.941564 -0.336311 0 0.107958 0.332489 0.936908 0 0.0239831 0.0484017 0.0212184 1 
0.99658 -0.0284227 -0.0775888 0 0.00167549 0.945739 -0.324927 0 0.0826136 0.323686 0.942551 0 0.0166295 0.0421671 0.0204294 1 
0.997569 -0.0175405 -0.0674497 0 -0.00489019 0.947809 -0.318805 0 0.069521 0.31836 0.945418 0 0.0137743 0.0394607 0.0197613 1 
0.998384 -0.0100147 -0.0559494 0 -0.00759221 0.952038 -0.305889 0 0.0563289 0.30582 0.950422 0 0.0124856 0.038974 0.0191152 1 
0.998717 -0.0021912 -0.0506069 0 -0.0129728 0.954681 -0.297353 0 0.0489647 0.297628 0.953426 0 0.00973038 0.0362936 0.018811 1 
0.999165 0.00270508 -0.0407853 0 -0.0142901 0.957961 -0.286545 0 0.0382952 0.286889 0.957199 0 0.00792611 0.0354459 0.0182904 1 
0.999523 0.0309129 9.03163e-005 0 -0.0297534 0.96282 -0.268505 0 -0.00838751 0.268374 0.963279 0 -0.00209955 0.027169 0.016481 1 
0.998606 0.0381879 0.0364587 0 -0.0281944 0.969546 -0.243283 0 -0.0446391 0.241916 0.96927 0 -0.00703122 0.0215605 0.012972 1 
0.998066 0.0443485 0.043568 0 -0.0331919 0.972686 -0.229744 0 -0.052567 0.227853 0.972276 0 -0.00770795 0.0180165 0.0117919 1 
0.998064 0.0390976 0.0483771 0 -0.0277573 0.975975 -0.216109 0 -0.0556644 0.214348 0.97517 0 -0.00799112 0.0174491 0.0101925 1 
0.998064 0.0390976 0.0483771 0 -0.0277573 0.975975 -0.216109 0 -0.0556644 0.214348 0.97517 0 -0.00799112 0.0174491 0.0101925 1 
0.996567 0.0408772 0.0719972 0 -0.0250911 0.977835 -0.207872 0 -0.0788988 0.205352 0.975503 0 -0.0122253 0.0180978 0.00833251 1 
0.995498 0.0431184 0.0844113 0 -0.0249593 0.97836 -0.205403 0 -0.0914416 0.202372 0.975031 0 -0.0134051 0.0178923 0.00726538 1 
0.993918 0.0490173 0.0986223 0 -0.0282402 0.978986 -0.201969 0 -0.10645 0.197955 0.974414 0 -0.0151928 0.0170324 0.00606639 1 
0.992613 0.0490209 0.110988 0 -0.0264038 0.9801 -0.196746 0 -0.118425 0.192362 0.974153 0 -0.0162687 0.0153831 0.00481658 1 
0.991987 0.049588 0.116204 0 -0.0263711 0.980766 -0.193404 0 -0.12356 0.18879 0.974214 0 -0.0170667 0.0154092 0.00412188 1 
0.991623 0.0484124 0.119758 0 -0.0253872 0.982072 -0.186793 0 -0.126654 0.182188 0.975073 0 -0.01785 0.0126811 0.00271426 1 
0.991414 0.0516423 0.120137 0 -0.0293439 0.983145 -0.18046 0 -0.127432 0.175385 0.976218 0 -0.0179159 0.010678 0.0020037 1 
0.991181 0.0549801 0.120577 0 -0.0339787 0.984898 -0.169773 0 -0.128091 0.164178 0.978079 0 -0.0174431 0.00762296 0.00139428 1 
0.991496 0.0548437 0.118023 0 -0.0355778 0.986549 -0.159552 0 -0.125186 0.153996 0.980109 0 -0.0168278 0.00675336 0.00137295 1 
0.991565 0.0566075 0.116605 0 -0.0382469 0.98732 -0.154071 0 -0.123848 0.148311 0.981156 0 -0.0163614 0.00692939 0.00124371 1 
0.991267 0.0577157 0.118578 0 -0.0404662 0.98889 -0.143042 0 -0.125516 0.136994 0.982588 0 -0.015915 0.00370433 0.00118438 1 
0.991698 0.0513678 0.117892 0 -0.0373107 0.992255 -0.11849 0 -0.123066 0.113108 0.985932 0 -0.0150243 0.000537798 0.000446564 1 
0.991686 0.051977 0.117725 0 -0.0393619 0.993475 -0.107056 0 -0.122521 0.101532 0.987259 0 -0.014947 -0.000784303 -0.000702443 1 
0.991754 0.0512916 0.117453 0 -0.0407455 0.995064 -0.0904947 0 -0.121515 0.0849625 0.988947 0 -0.0142653 -0.00408018 -0.00175648 1 
0.99173 0.0493807 0.118463 0 -0.0405733 0.99631 -0.0756413 0 -0.121761 0.0702092 0.990074 0 -0.0141366 -0.00534949 -0.00269006 1 
0.991542 0.0396925 0.123575 0 -0.032998 0.9979 -0.0557574 0 -0.125528 0.0512079 0.990768 0 -0.0136795 -0.00648049 -0.00365331 1 
0.991117 0.0365686 0.127868 0 -0.0315598 0.998662 -0.0409812 0 -0.129196 0.0365815 0.990945 0 -0.0132204 -0.0071209 -0.0039384 1 
0.989914 0.0427491 0.135066 0 -0.0392534 0.998825 -0.0284405 0 -0.136124 0.0228516 0.990429 0 -0.0131081 -0.010137 -0.00463954 1 
0.989957 0.0372349 0.136384 0 -0.0348032 0.999191 -0.0201713 0 -0.137025 0.0152219 0.990451 0 -0.0145512 -0.0116095 -0.00531423 1 
0.98977 0.0354357 0.138207 0 -0.0343378 0.999358 -0.0103208 0 -0.138485 0.00546931 0.99035 0 -0.015127 -0.0134847 -0.0055599 1 
0.990541 0.0379107 0.13188 0 -0.03821 0.99927 -0.000261655 0 -0.131794 -0.00478015 0.991266 0 -0.0138315 -0.0140917 -0.00529258 1 
0.990717 0.0368411 0.130856 0 -0.0380815 0.999251 0.0069887 0 -0.130501 -0.0119072 0.991377 0 -0.0137417 -0.0146728 -0.00542057 1 
0.990637 0.0394321 0.130712 0 -0.0405043 0.999165 0.00555327 0 -0.130384 -0.0107958 0.991405 0 -0.0140156 -0.0140645 -0.00539302 1 
0.990386 0.0376781 0.133104 0 -0.0396339 0.999142 0.0120744 0 -0.132535 -0.0172339 0.991029 0 -0.0147734 -0.0152749 -0.00549576 1 
0.991156 0.0370326 0.127434 0 -0.0409807 0.998754 0.0284999 0 -0.12622 -0.0334704 0.991438 0 -0.0138775 -0.0185261 -0.00548124 1 
0.991328 0.0355722 0.126508 0 -0.0412432 0.998246 0.0424928 0 -0.124775 -0.0473421 0.991055 0 -0.0134693 -0.0195312 -0.00625398 1 
0.991807 0.0311245 0.123899 0 -0.0379415 0.997872 0.0530461 0 -0.121985 -0.0573126 0.990876 0 -0.0144631 -0.0224322 -0.00786221 1 
0.992085 0.0249623 0.12307 0 -0.0340571 0.996798 0.0723582 0 -0.12087 -0.0759771 0.989757 0 -0.0134457 -0.0233671 -0.00857213 1 
0.991996 0.0256784 0.123637 0 -0.0356391 0.996235 0.0790384 0 -0.121142 -0.0828123 0.989175 0 -0.0133634 -0.0244247 -0.0100568 1 
0.992117 0.0127861 0.12467 0 -0.0246201 0.995283 0.0938499 0 -0.122882 -0.0961796 0.98775 0 -0.0138673 -0.0250886 -0.0117123 1 
0.991484 0.0117409 0.129705 0 -0.0255617 0.994101 0.105411 0 -0.127702 -0.107828 0.985934 0 -0.0141059 -0.0275098 -0.0126314 1 
0.991335 0.00958761 0.131017 0 -0.024381 0.993435 0.11178 0 -0.129085 -0.114005 0.985059 0 -0.0136132 -0.0265433 -0.0117976 1 
0.991999 -0.000794551 0.12625 0 -0.0157776 0.991362 0.130209 0 -0.125263 -0.131159 0.983416 0 -0.0120134 -0.0279319 -0.0114508 1 
0.992544 -0.0011876 0.12189 0 -0.0161466 0.989861 0.141125 0 -0.120822 -0.142041 0.98246 0 -0.010194 -0.0299701 -0.0107228 1 
0.992755 -0.00430609 0.120083 0 -0.0148255 0.987334 0.15797 0 -0.119243 -0.158606 0.980116 0 -0.00972381 -0.0322604 -0.0111583 1 
0.9927 -0.00125423 0.120613 0 -0.0189541 0.985902 0.166252 0 -0.119121 -0.167325 0.978679 0 -0.00981847 -0.0303566 -0.00952564 1 
0.992567 -0.00238923 0.121683 0 -0.0188114 0.984782 0.172779 0 -0.120244 -0.173784 0.977416 0 -0.0100754 -0.0319656 -0.00831735 1 
0.993451 -0.0046265 0.114177 0 -0.0170161 0.982051 0.187848 0 -0.112997 -0.188561 0.975539 0 -0.00957666 -0.034506 -0.0066417 1 
0.993514 -0.0081427 0.11343 0 -0.0146048 0.980039 0.198272 0 -0.112781 -0.198643 0.973562 0 -0.0096325 -0.0334268 -0.00646345 1 
0.993456 -0.00945115 0.113835 0 -0.0138765 0.979205 0.2024 0 -0.113381 -0.202655 0.972665 0 -0.00907398 -0.0344969 -0.00600185 1 
0.993772 -0.0229078 0.109059 0 -0.000966457 0.976836 0.21399 0 -0.111435 -0.212763 0.970729 0 -0.00878191 -0.0364279 -0.00632515 1 
0.994341 -0.0336016 0.100791 0 0.00935587 0.972678 0.231971 0 -0.105832 -0.229715 0.967487 0 -0.00871024 -0.0373135 -0.00665624 1 
0.993941 -0.0335466 0.104679 0 0.00728899 0.970313 0.241745 0 -0.109682 -0.239518 0.964677 0 -0.00890291 -0.0392952 -0.00740454 1 
0.994497 -0.0335274 0.0992689 0 0.00669384 0.965818 0.259137 0 -0.104564 -0.257046 0.960726 0 -0.00792386 -0.0413112 -0.0070573 1 
0.994497 -0.0335274 0.0992689 0 0.00669384 0.965818 0.259137 0 -0.104564 -0.257046 0.960726 0 -0.00792386 -0.0413112 -0.0070573 1 
0.995984 -0.0350647 0.0823872 0 0.0100662 0.958147 0.286104 0 -0.0889714 -0.284126 0.954651 0 -0.00601739 -0.0428607 -0.00768423 1 
0.996059 -0.026363 0.0847043 0 -6.65781e-005 0.954602 0.297888 0 -0.0887123 -0.29672 0.950836 0 -0.00547049 -0.0433244 -0.00810303 1 
0.99625 -0.0256365 0.0826491 0 -0.00151783 0.949785 0.312903 0 -0.0865207 -0.311855 0.946183 0 -0.00460958 -0.045741 -0.00915146 1 
0.996423 -0.0251428 0.0806959 0 -0.00149803 0.949329 0.314283 0 -0.0845091 -0.31328 0.945894 0 -0.00347937 -0.0467017 -0.00959236 1 
0.996498 -0.0248382 0.0798536 0 -0.00243327 0.945859 0.32457 0 -0.0835922 -0.323628 0.942485 0 -0.00389824 -0.0483072 -0.01133 1 
0.996969 -0.0236413 0.0741359 0 -0.00194339 0.944869 0.327444 0 -0.0777901 -0.326596 0.941958 0 -0.00245994 -0.0491699 -0.0111799 1 
0.997851 -0.0214365 0.06193 0 0.000160647 0.945788 0.324786 0 -0.0655351 -0.324078 0.943758 0 -0.00102509 -0.0484432 -0.0103067 1 
0.999001 -0.0222331 0.0387869 0 0.00842629 0.945665 0.325035 0 -0.0439062 -0.324384 0.944907 0 0.00119662 -0.0497842 -0.0101452 1 
0.999529 -0.0273019 0.0140857 0 0.0213681 0.94726 0.319755 0 -0.0220729 -0.319304 0.947396 0 0.0020103 -0.0487002 -0.00975451 1 
0.999592 -0.0277449 -0.00700537 0 0.0285474 0.949966 0.311049 0 -0.00197532 -0.311122 0.950369 0 0.00397495 -0.0474227 -0.0081747 1 
0.999517 -0.0263447 -0.0165889 0 0.0301681 0.9512 0.3071 0 0.00768875 -0.307452 0.951533 0 0.00469936 -0.0482567 -0.0080026 1 
0.999201 -0.0272362 -0.0293014 0 0.0348239 0.952673 0.301997 0 0.0196892 -0.302776 0.952859 0 0.00679581 -0.0475441 -0.00749597 1 
0.999209 -0.0231551 -0.0323834 0 0.0318228 0.95333 0.300251 0 0.0239196 -0.301044 0.953311 0 0.00798051 -0.0479493 -0.00666555 1 
0.998822 -0.0223818 -0.0430941 0 0.0342767 0.953576 0.299197 0 0.0343968 -0.300321 0.953218 0 0.0103178 -0.047898 -0.00626328 1 
0.998559 -0.0212112 -0.0493115 0 0.0350106 0.953694 0.298736 0 0.0406914 -0.300032 0.953061 0 0.0107711 -0.0478371 -0.00643186 1 
0.998709 -0.0166047 -0.0480245 0 0.0300419 0.955184 0.294485 0 0.0409822 -0.295548 0.954449 0 0.0120967 -0.0481592 -0.00607183 1 
0.998284 -0.0200257 -0.0550539 0 0.0348306 0.958511 0.282921 0 0.0471039 -0.284353 0.957562 0 0.0122977 -0.0469025 -0.00573376 1 
0.998364 -0.0178852 -0.0543292 0 0.0324323 0.959411 0.280144 0 0.0471134 -0.281448 0.95842 0 0.0135024 -0.0461714 -0.0055931 1 
0.998551 -0.0169927 -0.0510852 0 0.0305041 0.960451 0.276776 0 0.0443615 -0.277934 0.959576 0 0.0124275 -0.0451777 -0.00519238 1 
0.998554 -0.0176164 -0.0508195 0 0.0308197 0.961751 0.272188 0 0.0440805 -0.273361 0.960902 0 0.0129918 -0.0453001 -0.00459108 1 
0.99838 -0.0157099 -0.0547105 0 0.0299552 0.962308 0.270311 0 0.0484016 -0.271512 0.961218 0 0.0136357 -0.0460513 -0.00465356 1 
0.997929 -0.0131313 -0.0629889 0 0.0296583 0.96263 0.269193 0 0.0571 -0.270504 0.961025 0 0.0162705 -0.0459193 -0.00442559 1 
0.997765 -0.00686995 -0.0664798 0 0.0243365 0.96376 0.265661 0 0.0622454 -0.266686 0.961772 0 0.0175448 -0.0450579 -0.00441484 1 
0.997387 0.00315622 -0.0721926 0 0.015065 0.968012 0.250453 0 0.0706736 -0.250886 0.965434 0 0.0203071 -0.0406669 -0.00270084 1 
0.996958 0.00733726 -0.0776054 0 0.0115013 0.97082 0.239538 0 0.0770982 -0.239702 0.967781 0 0.0240848 -0.0414368 -0.00163836 1 
0.996766 0.00910074 -0.0798607 0 0.00987096 0.97219 0.23399 0 0.0797691 -0.234022 0.968954 0 0.0223582 -0.0393885 -0.00226086 1 
0.996766 0.00910074 -0.0798607 0 0.00987096 0.97219 0.23399 0 0.0797691 -0.234022 0.968954 0 0.0223582 -0.0393885 -0.00226086 1 
0.996914 0.00958709 -0.0779274 0 0.00851879 0.973451 0.228739 0 0.0780513 -0.228697 0.970365 0 0.0219471 -0.0383973 -0.00226522 1 
0.996337 0.00845771 -0.0851085 0 0.0102765 0.976052 0.217299 0 0.084908 -0.217377 0.972388 0 0.0233176 -0.0357843 -0.00122229 1 
0.99602 0.00832491 -0.0887594 0 0.0106375 0.97742 0.211043 0 0.0885119 -0.211147 0.973439 0 0.0242379 -0.0354332 -0.000599521 1 
0.995932 0.0094333 -0.0896274 0 0.00918627 0.978702 0.205085 0 0.0896529 -0.205074 0.974633 0 0.0240287 -0.0333692 -0.000289573 1 
0.996036 0.00902171 -0.0885032 0 0.00868052 0.980242 0.197615 0 0.0885372 -0.1976 0.976277 0 0.0235411 -0.0331173 -0.0001806 1 
0.996134 0.0110705 -0.0871672 0 0.00643394 0.980179 0.198012 0 0.0876314 -0.197807 0.976317 0 0.0237793 -0.0333903 -0.000331343 1 
0.996273 0.0108485 -0.085583 0 0.00614687 0.980614 0.195858 0 0.0860485 -0.195654 0.976892 0 0.0233508 -0.0326648 -0.000862466 1 
0.996368 0.0101436 -0.0845612 0 0.00626751 0.981458 0.19158 0 0.0849364 -0.191414 0.977829 0 0.0228559 -0.0321266 -0.000624949 1 
0.996658 0.00986421 -0.0811111 0 0.00566216 0.981963 0.188994 0 0.0815121 -0.188821 0.978624 0 0.0221939 -0.031771 -0.000111244 1 
0.9967 0.00875197 -0.0807106 0 0.00651963 0.982333 0.187032 0 0.0809214 -0.186941 0.979034 0 0.021938 -0.0313675 0.000284904 1 
0.996795 0.00678478 -0.0797226 0 0.00757457 0.983922 0.178443 0 0.0796513 -0.178475 0.980716 0 0.0215868 -0.0309346 0.00112168 1 
0.996795 0.00678478 -0.0797226 0 0.00757457 0.983922 0.178443 0 0.0796513 -0.178475 0.980716 0 0.0215868 -0.0309346 0.00112168 1 
0.996492 0.00636916 -0.08346 0 0.00836363 0.984535 0.174993 0 0.0832836 -0.175077 0.981027 0 0.0219892 -0.0307585 0.00211052 1 
0.99649 0.00848047 -0.0833006 0 0.00627284 0.984502 0.175267 0 0.0834958 -0.175174 0.980992 0 0.0221612 -0.0314403 0.00196168 1 
0.996469 0.00778158 -0.0836154 0 0.00710607 0.984314 0.176289 0 0.0836754 -0.176261 0.980782 0 0.022846 -0.0318505 0.00207556 1 
0.996364 0.00806164 -0.0848332 0 0.00718686 0.98402 0.17792 0 0.0849117 -0.177882 0.980383 0 0.023048 -0.0312154 0.00211867 1 
0.996306 0.00828134 -0.0854921 0 0.00703389 0.984133 0.177301 0 0.0856036 -0.177247 0.980437 0 0.0230976 -0.0310262 0.00202426 1 
0.99635 0.00981117 -0.0848133 0 0.00530652 0.98434 0.176206 0 0.0852137 -0.176013 0.980694 0 0.0233028 -0.0317207 0.00188961 1 
0.996464 0.00815829 -0.0836363 0 0.00681725 0.984149 0.17722 0 0.0837562 -0.177164 0.980612 0 0.0235313 -0.0319599 0.00166262 1 
0.996516 0.00769195 -0.0830669 0 0.00725091 0.983986 0.178102 0 0.0831065 -0.178084 0.980501 0 0.0226887 -0.0316188 0.00149478 1 
0.996516 0.00769195 -0.0830669 0 0.00725091 0.983986 0.178102 0 0.0831065 -0.178084 0.980501 0 0.0226887 -0.0316188 0.00149478 1 
0.996537 0.00707747 -0.0828701 0 0.00816286 0.983241 0.182133 0 0.0827702 -0.182179 0.979777 0 0.0213386 -0.0327111 0.00091349 1 
0.996515 0.00607518 -0.0832077 0 0.00903044 0.983632 0.179967 0 0.082939 -0.180092 0.980148 0 0.0220483 -0.032942 0.0013872 1 
0.996442 0.00871964 -0.083848 0 0.00663438 0.983441 0.181113 0 0.0840386 -0.181025 0.979883 0 0.0219576 -0.0327694 0.00140572 1 
0.996451 0.00812221 -0.0837982 0 0.0073528 0.983138 0.182724 0 0.0838691 -0.182692 0.979588 0 0.0224819 -0.0331016 0.00143594 1 
0.996255 0.00552907 -0.0862977 0 0.0102462 0.983377 0.18129 0 0.0858654 -0.181496 0.979637 0 0.0228363 -0.033188 0.00171649 1 
0.996416 0.00782013 -0.0842453 0 0.00775573 0.983086 0.182987 0 0.0842511 -0.182984 0.9795 0 0.0219545 -0.0327744 0.00175158 1 
0.996411 0.00794565 -0.0842891 0 0.00770775 0.982939 0.183774 0 0.0843111 -0.183764 0.979349 0 0.0223087 -0.0337713 0.00148437 1 
0.996353 0.00615047 -0.0851241 0 0.00975155 0.982665 0.185139 0 0.084787 -0.185294 0.97902 0 0.0221117 -0.0339512 0.00112342 1 
0.996281 0.00658154 -0.0859224 0 0.00954127 0.982525 0.185892 0 0.0856441 -0.186021 0.978808 0 0.0225409 -0.0337856 0.00113446 1 
0.996013 0.00633763 -0.089 0 0.0101404 0.982972 0.183479 0 0.0886471 -0.18365 0.978988 0 0.0231004 -0.0332256 0.0013885 1 
0.994819 0.00467346 -0.101563 0 0.0142932 0.982595 0.185217 0 0.100661 -0.185709 0.977437 0 0.0250783 -0.0329096 0.00128361 1 
0.993728 0.00269486 -0.111801 0 0.0180993 0.982656 0.184558 0 0.110359 -0.185424 0.976443 0 0.0252443 -0.0348078 0.000488039 1 
0.992945 0.00459081 -0.118495 0 0.0177793 0.982193 0.187036 0 0.117244 -0.187823 0.975182 0 0.0275692 -0.0331079 0.00104848 1 
0.987606 -0.00859159 -0.156723 0 0.0378432 0.982079 0.184634 0 0.152328 -0.188277 0.970232 0 0.0300836 -0.0352452 -0.000229119 1 
0.988186 -0.00118537 -0.153263 0 0.0299663 0.982166 0.185615 0 0.15031 -0.188015 0.970598 0 0.0328347 -0.034191 0.000533465 1 
0.98796 -0.00298436 -0.154691 0 0.0320358 0.982094 0.185655 0 0.151367 -0.188375 0.970363 0 0.0333294 -0.0340986 0.000600928 1 
0.987852 -0.0037086 -0.155363 0 0.0326468 0.982361 0.184129 0 0.15194 -0.186965 0.970547 0 0.0322612 -0.0339836 0.000502289 1 
0.988249 -0.00182806 -0.152852 0 0.0304504 0.982244 0.185126 0 0.149799 -0.187605 0.970756 0 0.0325287 -0.033688 0.000562981 1 
0.988209 -0.00161804 -0.153109 0 0.0303179 0.982215 0.1853 0 0.150086 -0.187758 0.970682 0 0.0327151 -0.0335519 0.000560788 1 
0.988612 -0.000752772 -0.150492 0 0.0289374 0.982279 0.185182 0 0.147685 -0.187428 0.971114 0 0.0327542 -0.0335614 0.000619262 1 
0.988581 -0.00142804 -0.150692 0 0.0296829 0.982212 0.185419 0 0.147747 -0.187775 0.971038 0 0.0327581 -0.0337451 0.000544214 1 
0.988581 -0.00142804 -0.150692 0 0.0296829 0.982212 0.185419 0 0.147747 -0.187775 0.971038 0 0.0327581 -0.0337451 0.000544214 1 
0.98978 0.00238982 -0.142591 0 0.0248054 0.981735 0.188638 0 0.140437 -0.190247 0.971641 0 0.0311546 -0.033865 0.000660216 1 
0.989537 0.000497588 -0.144285 0 0.0268569 0.981884 0.187576 0 0.141764 -0.189489 0.971596 0 0.0312898 -0.0341639 0.00103404 1 
0.989537 0.000497588 -0.144285 0 0.0268569 0.981884 0.187576 0 0.141764 -0.189489 0.971596 0 0.0312898 -0.0341639 0.00103404 1 
0.990852 0.00637996 -0.134815 0 0.0196233 0.981459 0.190672 0 0.133531 -0.191574 0.972354 0 0.0297922 -0.0347412 0.000640118 1 
0.99106 0.00420029 -0.133364 0 0.0218322 0.980931 0.193134 0 0.131632 -0.194319 0.972068 0 0.0288115 -0.0353952 -0.000167216 1 
0.99127 0.00327108 -0.131822 0 0.0223895 0.981002 0.192706 0 0.129947 -0.193975 0.972363 0 0.0278857 -0.0346921 -0.000159654 1 
0.99127 0.00327108 -0.131822 0 0.0223895 0.981002 0.192706 0 0.129947 -0.193975 0.972363 0 0.0278857 -0.0346921 -0.000159654 1 
0.991702 0.00425843 -0.128503 0 0.0206521 0.9812 0.191895 0 0.126904 -0.192956 0.972968 0 0.0283805 -0.0345832 -0.000357958 1 
0.991828 0.00389283 -0.127536 0 0.0207891 0.98125 0.191625 0 0.12589 -0.19271 0.973148 0 0.0278639 -0.0341987 -0.000399207 1 
0.992847 0.00429648 -0.11933 0 0.0185774 0.981627 0.189911 0 0.117953 -0.190769 0.974524 0 0.0269504 -0.0345018 -0.000294729 1 
