1 0 0 0 0 1 0 0 0 0 1 0 0 0 0 1 
0.999833 -0.0174069 -0.00556024 0 0.0174165 0.999847 0.00168836 0 0.00553 -0.00178492 0.999983 0 -0.00175534 -0.000614502 0.00135968 1 
0.999875 -0.0147116 -0.00584937 0 0.0147252 0.999889 0.00229721 0 0.00581493 -0.00238306 0.99998 0 -0.00170187 0.000265681 0.00134423 1 
0.999834 -0.0161923 -0.00840788 0 0.0162309 0.999858 0.00454647 0 0.00833307 -0.00468218 0.999954 0 -0.00068167 0.000203441 0.00113145 1 
0.999858 -0.0140824 -0.00926896 0 0.0141562 0.999868 0.00794101 0 0.00915591 -0.00807109 0.999926 0 -0.000532872 -0.000738919 0.000738726 1 
0.999849 -0.0151139 -0.00863952 0 0.01519 0.999846 0.00881573 0 0.00850494 -0.00894563 0.999924 0 -0.000457756 -0.000340469 0.000454499 1 
0.999838 -0.0166246 -0.00693987 0 0.0166869 0.99982 0.0090234 0 0.00678861 -0.00913774 0.999935 0 -0.000638589 -0.000295591 0.000477399 1 
0.999869 -0.0148581 -0.00650359 0 0.0149066 0.999861 0.00747751 0 0.00639158 -0.00757347 0.999951 0 -0.000527999 8.94478e-005 0.000523947 1 
0.999867 -0.0148631 -0.00665906 0 0.0149041 0.99987 0.00614517 0 0.00656686 -0.0062436 0.999959 0 -0.000648188 1.20515e-005 0.000236373 1 
0.999864 -0.0158574 -0.00456707 0 0.0158938 0.999841 0.00804463 0 0.00443878 -0.00811612 0.999957 0 -0.000330205 4.50032e-005 -1.35451e-005 1 
0.999869 -0.015605 -0.00431153 0 0.015651 0.999818 0.0108578 0 0.00414132 -0.0109238 0.999932 0 -0.000499352 -0.000503592 -0.000361338 1 
0.999896 -0.0135166 -0.00493139 0 0.0135958 0.999773 0.0164141 0 0.00470841 -0.0164795 0.999853 0 -0.000272103 -0.0021139 -0.00149713 1 
0.999917 -0.0125553 -0.00275375 0 0.0126119 0.999687 0.0215905 0 0.00248181 -0.0216234 0.999763 0 -8.21426e-005 -0.00362137 -0.00207985 1 
0.999871 -0.0159822 0.00160705 0 0.0159327 0.999504 0.0271616 0 -0.00204036 -0.0271325 0.99963 0 -0.000361665 -0.00593458 -0.00456853 1 
0.999917 -0.010833 0.00689374 0 0.0106283 0.999521 0.0290604 0 -0.00720525 -0.0289848 0.999554 0 -0.0015793 -0.0079557 -0.00565814 1 
0.999822 -0.00380468 0.0184596 0 0.00291342 0.99884 0.0480703 0 -0.0186211 -0.048008 0.998673 0 -0.00240749 -0.0159837 -0.00836212 1 
0.999742 -0.00398616 0.0223878 0 0.00257412 0.998026 0.0627501 0 -0.0225938 -0.0626762 0.997778 0 -0.00211634 -0.0186639 -0.010973 1 
0.998843 0.00572754 0.0477504 0 -0.00911291 0.997436 0.0709839 0 -0.0472213 -0.071337 0.996334 0 -0.00288298 -0.0214876 -0.0145819 1 
0.998074 0.00213408 0.0619982 0 -0.00682398 0.99712 0.0755328 0 -0.0616585 -0.0758104 0.995214 0 -0.00409169 -0.0234977 -0.0172391 1 
0.997165 0.00517554 0.075068 0 -0.0112742 0.996646 0.0810465 0 -0.0743968 -0.0816631 0.993879 0 -0.00554408 -0.0259367 -0.0200285 1 
0.995824 0.00856822 0.0908976 0 -0.0166332 0.995951 0.0883436 0 -0.0897726 -0.0894865 0.991934 0 -0.00616083 -0.0278238 -0.023997 1 
0.995008 0.00866588 0.0994256 0 -0.0177351 0.99572 0.0906981 0 -0.0982141 -0.0920086 0.990903 0 -0.00678425 -0.0282916 -0.0260274 1 
0.992007 0.0183316 0.124849 0 -0.0294962 0.995668 0.0881719 0 -0.122692 -0.0911496 0.98825 0 -0.00848423 -0.0286338 -0.0281681 1 
0.990308 0.0184908 0.137654 0 -0.031155 0.995416 0.0904225 0 -0.135351 -0.0938347 0.986344 0 -0.0101824 -0.0294422 -0.0299491 1 
0.987909 0.015255 0.154284 0 -0.0299036 0.99521 0.0930757 0 -0.152125 -0.096564 0.983633 0 -0.0123444 -0.0306096 -0.0324884 1 
0.985702 0.0167159 0.167665 0 -0.0323336 0.995339 0.0908557 0 -0.165364 -0.0949779 0.981648 0 -0.0139178 -0.0304735 -0.0339587 1 
0.983629 0.0201394 0.179076 0 -0.0364237 0.995443 0.0881174 0 -0.176486 -0.0931975 0.979881 0 -0.0148139 -0.0307535 -0.0347333 1 
0.97831 0.0260061 0.205509 0 -0.0440006 0.995537 0.0834811 0 -0.202421 -0.0907129 0.975088 0 -0.0176512 -0.0288544 -0.0370175 1 
0.976674 0.0191457 0.213872 0 -0.0353764 0.996753 0.072322 0 -0.211793 -0.0782011 0.974181 0 -0.0200115 -0.0289467 -0.0372789 1 
0.975391 0.0225699 0.219322 0 -0.0385835 0.996869 0.0690071 0 -0.217078 -0.0757712 0.973209 0 -0.0204202 -0.0271048 -0.0369918 1 
0.973415 0.0216269 0.228025 0 -0.0355462 0.997734 0.0571133 0 -0.226273 -0.0637004 0.971979 0 -0.0214151 -0.0261782 -0.0381101 1 
0.970987 0.028196 0.237462 0 -0.0402437 0.998128 0.0460406 0 -0.23572 -0.0542613 0.970305 0 -0.022433 -0.0238312 -0.0385391 1 
0.969489 0.0347545 0.242657 0 -0.0422133 0.99878 0.0256048 0 -0.241472 -0.035067 0.969774 0 -0.0227278 -0.0210086 -0.037857 1 
0.966853 0.0327342 0.253225 0 -0.0370597 0.999237 0.0123291 0 -0.252628 -0.0213049 0.967329 0 -0.0243405 -0.0189172 -0.040396 1 
0.96454 0.0351272 0.261586 0 -0.0372851 0.999299 0.00328941 0 -0.261288 -0.0129261 0.965174 0 -0.0248726 -0.0179313 -0.0407586 1 
0.962596 0.031769 0.26907 0 -0.0294965 0.999487 -0.0124854 0 -0.269328 0.0040817 0.96304 0 -0.026396 -0.0174534 -0.0407616 1 
0.961201 0.0301207 0.2742 0 -0.0252833 0.999456 -0.0211595 0 -0.274689 0.0134057 0.96144 0 -0.0275256 -0.0147941 -0.040405 1 
0.961269 0.029307 0.274047 0 -0.0202839 0.999156 -0.0357019 0 -0.274862 0.0287603 0.961053 0 -0.0274216 -0.0126223 -0.0409539 1 
0.960688 0.0285499 0.276159 0 -0.0176154 0.998962 -0.0419953 0 -0.277071 0.0354797 0.960194 0 -0.0268489 -0.0124185 -0.0408938 1 
0.960688 0.0285499 0.276159 0 -0.0176154 0.998962 -0.0419953 0 -0.277071 0.0354797 0.960194 0 -0.0268489 -0.0124185 -0.0408938 1 
0.960212 0.0255635 0.2781 0 -0.0122349 0.998696 -0.0495578 0 -0.279005 0.0441834 0.959273 0 -0.0283183 -0.00921766 -0.0410051 1 
0.9599 0.0171034 0.279818 0 0.00113207 0.997892 -0.0648778 0 -0.280338 0.062593 0.957858 0 -0.0306777 -0.00600866 -0.0398854 1 
0.959057 0.0146489 0.282832 0 0.00632473 0.997304 -0.0731005 0 -0.283141 0.0718964 0.95638 0 -0.0321692 -0.0042379 -0.0396844 1 
0.957536 0.00772735 0.288211 0 0.0179767 0.996095 -0.0864314 0 -0.287754 0.0879421 0.953658 0 -0.0338385 -0.00188435 -0.0393433 1 
0.956905 0.00433859 0.290369 0 0.0254835 0.994776 -0.0988441 0 -0.289281 0.101984 0.951796 0 -0.0350846 0.000716696 -0.0390377 1 
0.957296 0.00513687 0.289064 0 0.0274304 0.993717 -0.1085 0 -0.287805 0.111796 0.951141 0 -0.0353472 0.00210818 -0.0384623 1 
0.956562 0.00298564 0.291514 0 0.0347051 0.99167 -0.124036 0 -0.289456 0.128765 0.948491 0 -0.0364646 0.0045343 -0.0373703 1 
0.955648 0.00362484 0.29449 0 0.036141 0.990923 -0.129478 0 -0.292286 0.134378 0.946843 0 -0.036789 0.00462444 -0.036988 1 
0.95671 0.00138255 0.291039 0 0.040404 0.989674 -0.137518 0 -0.288225 0.143324 0.946776 0 -0.0366203 0.00503342 -0.0369474 1 
0.959899 -0.0116806 0.280102 0 0.058013 0.985781 -0.1577 0 -0.274277 0.167626 0.946929 0 -0.0363071 0.00675485 -0.0355903 1 
0.96138 -0.00754085 0.275122 0 0.0537417 0.985525 -0.160781 0 -0.269928 0.169357 0.94787 0 -0.0363622 0.00767249 -0.0352296 1 
0.960375 -0.00932105 0.278556 0 0.0592726 0.983408 -0.171446 0 -0.272337 0.181163 0.944993 0 -0.0367665 0.00899596 -0.0342635 1 
0.959162 -0.00851361 0.28273 0 0.0614992 0.981912 -0.179068 0 -0.276092 0.189143 0.942336 0 -0.0376482 0.00988303 -0.0346341 1 
0.95908 -0.00828712 0.283014 0 0.0637701 0.98021 -0.187402 0 -0.275861 0.197781 0.940629 0 -0.0374901 0.0108391 -0.0346702 1 
0.959801 -0.00933985 0.280528 0 0.0660874 0.978867 -0.193521 0 -0.272793 0.204281 0.940135 0 -0.0368842 0.0113985 -0.0340375 1 
0.962615 -0.0170458 0.270337 0 0.0743628 0.976302 -0.203231 0 -0.260466 0.215736 0.941071 0 -0.0361231 0.0127676 -0.0332587 1 
0.96542 -0.0213268 0.259827 0 0.0775697 0.975007 -0.208191 0 -0.248893 0.221146 0.942946 0 -0.036061 0.0135285 -0.0325546 1 
0.966588 -0.0252464 0.25509 0 0.0823192 0.972999 -0.215625 0 -0.242759 0.229419 0.942568 0 -0.0362484 0.0158109 -0.031182 1 
0.96843 -0.0259496 0.247932 0 0.0821528 0.97223 -0.219133 0 -0.235361 0.232583 0.943668 0 -0.0358332 0.0161499 -0.0301935 1 
0.971257 -0.0341137 0.235576 0 0.087346 0.971715 -0.219405 0 -0.221428 0.233675 0.946766 0 -0.0349351 0.0160275 -0.0294074 1 
0.972911 -0.0418209 0.227368 0 0.0930178 0.971193 -0.219388 0 -0.211643 0.234594 0.948774 0 -0.0338005 0.0157835 -0.0288383 1 
0.97572 -0.0439417 0.214568 0 0.0922113 0.971027 -0.22046 0 -0.198665 0.234893 0.951503 0 -0.032329 0.0162186 -0.0277513 1 
0.977023 -0.0456514 0.20819 0 0.0927412 0.970531 -0.222412 0 -0.191902 0.236609 0.952465 0 -0.0312999 0.0164698 -0.0269221 1 
0.979641 -0.0497309 0.194503 0 0.093517 0.970342 -0.222911 0 -0.177649 0.236562 0.955238 0 -0.0293693 0.0168186 -0.0252771 1 
0.981551 -0.050418 0.184435 0 0.0915643 0.970753 -0.221929 0 -0.167852 0.234722 0.957461 0 -0.0276584 0.0162943 -0.0244603 1 
0.984352 -0.0573085 0.166635 0 0.0935591 0.971313 -0.218624 0 -0.149326 0.230793 0.961476 0 -0.0246593 0.0135816 -0.0235367 1 
0.987154 -0.0637652 0.146499 0 0.0950549 0.971374 -0.217707 0 -0.128423 0.228835 0.964957 0 -0.0231448 0.0137339 -0.0231681 1 
0.989727 -0.0570599 0.131091 0 0.0840641 0.973915 -0.210762 0 -0.115646 0.219616 0.968708 0 -0.0205596 0.0146342 -0.0223361 1 
0.989645 -0.0563048 0.132032 0 0.0835709 0.973886 -0.211092 0 -0.116699 0.21994 0.968508 0 -0.0199867 0.0139309 -0.0221708 1 
0.990825 -0.0582555 0.12195 0 0.0829595 0.974493 -0.208516 0 -0.106693 0.21672 0.970386 0 -0.0188307 0.0130443 -0.0218655 1 
0.991003 -0.0564777 0.121341 0 0.080929 0.974952 -0.207166 0 -0.106602 0.215122 0.970752 0 -0.0175235 0.0130028 -0.021754 1 
0.992388 -0.0525529 0.111378 0 0.0745382 0.976229 -0.203514 0 -0.0980354 0.210267 0.972716 0 -0.0151643 0.0106075 -0.0215303 1 
0.993519 -0.0565509 0.0986012 0 0.0757079 0.976262 -0.202924 0 -0.0847853 0.209074 0.974217 0 -0.0140304 0.00896278 -0.021217 1 
0.995129 -0.0495217 0.0852424 0 0.0655419 0.978243 -0.196831 0 -0.0736407 0.201459 0.976725 0 -0.0112789 0.00811349 -0.0199697 1 
0.995485 -0.0505466 0.0803379 0 0.0653893 0.978727 -0.194462 0 -0.0687997 0.198837 0.977615 0 -0.00972778 0.00692241 -0.0197974 1 
0.996502 -0.0440971 0.0709923 0 0.0565968 0.981103 -0.185019 0 -0.0614921 0.18839 0.980167 0 -0.00790471 0.00610917 -0.019757 1 
0.996607 -0.0426162 0.0704123 0 0.055106 0.980954 -0.186253 0 -0.061134 0.189501 0.979975 0 -0.0069648 0.00554996 -0.0194981 1 
0.99698 -0.0439279 0.0640375 0 0.0551438 0.981092 -0.185515 0 -0.0546776 0.188486 0.980553 0 -0.00668319 0.00585396 -0.0195274 1 
0.997235 -0.042524 0.0609437 0 0.053177 0.981203 -0.185503 0 -0.0519099 0.188231 0.980752 0 -0.00391048 0.00343585 -0.0184101 1 
0.99774 -0.0382223 0.0552588 0 0.04749 0.982963 -0.177556 0 -0.0475309 0.179779 0.982558 0 -0.00190989 0.00188108 -0.0184919 1 
0.998278 -0.0409666 0.0419885 0 0.0477296 0.983346 -0.175359 0 -0.0341056 0.177061 0.983609 0 0.00287537 -0.00163365 -0.0178973 1 
0.998619 -0.049344 0.0180573 0 0.0516966 0.984146 -0.169651 0 -0.00939988 0.17035 0.985339 0 0.00882001 -0.00209956 -0.01711 1 
0.999006 -0.0432743 0.0106998 0 0.044438 0.985738 -0.162312 0 -0.0035234 0.162626 0.986682 0 0.0107848 -0.00128546 -0.0169744 1 
0.999076 -0.0423672 0.0072366 0 0.0429798 0.985928 -0.161547 0 -0.000290572 0.161709 0.986839 0 0.0121353 -0.00284683 -0.0168121 1 
0.999042 -0.0436513 0.00314255 0 0.0435836 0.98583 -0.161981 0 0.00397256 0.161963 0.986789 0 0.0132238 -0.00301222 -0.0168119 1 
0.998966 -0.0450324 -0.00628662 0 0.043431 0.985954 -0.161268 0 0.0134605 0.160828 0.986891 0 0.0178954 -0.00434554 -0.0166699 1 
0.998966 -0.0450324 -0.00628662 0 0.043431 0.985954 -0.161268 0 0.0134605 0.160828 0.986891 0 0.0178954 -0.00434554 -0.0166699 1 
0.998088 -0.0556323 -0.0269469 0 0.0509402 0.987178 -0.15127 0 0.0350168 0.149607 0.988125 0 0.0205027 -0.00451815 -0.0194524 1 
0.998118 -0.0513838 -0.033475 0 0.0457135 0.98726 -0.152404 0 0.0408795 0.150587 0.987751 0 0.0266759 -0.00662285 -0.0182734 1 
0.997413 -0.0580216 -0.0424375 0 0.0510397 0.987321 -0.1503 0 0.05062 0.147745 0.987729 0 0.0287301 -0.00715706 -0.0182012 1 
0.996888 -0.0592395 -0.0520054 0 0.0509979 0.987736 -0.147561 0 0.060109 0.14445 0.987685 0 0.0288289 -0.00800762 -0.0190273 1 
0.996253 -0.0596539 -0.0626225 0 0.0501459 0.988345 -0.143729 0 0.0704667 0.14005 0.987634 0 0.0311269 -0.00934679 -0.0191687 1 
0.996417 -0.0518684 -0.0668005 0 0.0420112 0.98907 -0.141329 0 0.0734009 0.138016 0.987706 0 0.0329865 -0.0117501 -0.0195908 1 
0.995979 -0.0467437 -0.0764211 0 0.0357713 0.989629 -0.139117 0 0.0821314 0.135824 0.987323 0 0.0339095 -0.012705 -0.0198221 1 
0.995549 -0.0509152 -0.0793098 0 0.0392987 0.989129 -0.141697 0 0.0856621 0.13795 0.986728 0 0.0370597 -0.0137071 -0.0189155 1 
0.994498 -0.0567631 -0.0880381 0 0.0442066 0.989369 -0.138535 0 0.0949659 0.133881 0.986437 0 0.0349734 -0.0131849 -0.0199138 1 
0.9917 -0.0687992 -0.108618 0 0.0541522 0.989706 -0.132467 0 0.116614 0.125485 0.985218 0 0.0403302 -0.015214 -0.0207929 1 
0.988117 -0.0856856 -0.127605 0 0.0693383 0.989416 -0.12746 0 0.137176 0.117097 0.983601 0 0.0443038 -0.0170297 -0.0217932 1 
0.984874 -0.0904632 -0.147777 0 0.0721008 0.989505 -0.125213 0 0.157554 0.112665 0.981062 0 0.043408 -0.0192074 -0.0244268 1 
0.984668 -0.0840042 -0.152879 0 0.0658388 0.990558 -0.120238 0 0.161536 0.108329 0.980903 0 0.0445502 -0.0200474 -0.0255408 1 
0.984269 -0.0826727 -0.156136 0 0.0643614 0.990817 -0.118901 0 0.164532 0.106981 0.980553 0 0.0478798 -0.0218111 -0.0262026 1 
0.983588 -0.0783338 -0.162538 0 0.0592539 0.991113 -0.119088 0 0.170422 0.107503 0.97949 0 0.0465339 -0.0221535 -0.0270817 1 
0.985075 -0.0722174 -0.156239 0 0.0535457 0.991257 -0.120582 0 0.163581 0.110417 0.980332 0 0.0505003 -0.0227664 -0.0265095 1 
0.986223 -0.0656401 -0.151839 0 0.0470354 0.991286 -0.12303 0 0.158592 0.114193 0.980719 0 0.0525605 -0.0240987 -0.0264542 1 
0.986299 -0.0542287 -0.155798 0 0.0356239 0.992155 -0.119819 0 0.161073 0.112627 0.980495 0 0.0532301 -0.0258584 -0.0275565 1 
0.987701 -0.0434647 -0.150189 0 0.0261687 0.992988 -0.115275 0 0.154146 0.109927 0.981914 0 0.0565293 -0.0266992 -0.0276951 1 
0.986976 -0.0409371 -0.155568 0 0.0239006 0.99366 -0.109845 0 0.159078 0.104696 0.981699 0 0.0576684 -0.0299079 -0.0290621 1 
0.987456 -0.0337784 -0.154239 0 0.0169171 0.993858 -0.109351 0 0.156985 0.105369 0.981964 0 0.060293 -0.0334326 -0.0302535 1 
0.987659 -0.0236252 -0.154822 0 0.0077499 0.994717 -0.102351 0 0.156423 0.0998874 0.982626 0 0.0637441 -0.0380561 -0.0328492 1 
0.987466 -0.016118 -0.157003 0 0.00107483 0.995434 -0.0954315 0 0.157825 0.0940665 0.982977 0 0.0661925 -0.0404739 -0.0366416 1 
0.987791 -0.0106194 -0.155421 0 -0.00377788 0.995746 -0.0920468 0 0.155738 0.09151 0.983551 0 0.0685179 -0.0428743 -0.0377483 1 
0.987535 -0.00895753 -0.157141 0 -0.00466927 0.996271 -0.0861338 0 0.157327 0.0857937 0.983813 0 0.0712389 -0.046565 -0.0405457 1 
0.987551 -0.00319048 -0.157265 0 -0.0105343 0.996207 -0.0863606 0 0.156944 0.0869421 0.983773 0 0.0731504 -0.0480506 -0.0419858 1 
0.987775 0.00197974 -0.155872 0 -0.0153267 0.996307 -0.0844726 0 0.155129 0.0858288 0.984159 0 0.0748265 -0.0496186 -0.0434691 1 
0.987723 0.0123738 -0.155719 0 -0.0250418 0.996507 -0.0796548 0 0.154189 0.0825763 0.984585 0 0.0792413 -0.0547292 -0.0468239 1 
0.988374 0.0122994 -0.151539 0 -0.025217 0.996178 -0.083618 0 0.149931 0.0864671 0.984908 0 0.082626 -0.0572044 -0.0484734 1 
0.988914 0.0135445 -0.147866 0 -0.0263552 0.996029 -0.0850245 0 0.146127 0.0879788 0.985346 0 0.0851281 -0.0581988 -0.0494136 1 
0.988713 0.0150306 -0.149064 0 -0.0278819 0.996032 -0.0845019 0 0.147202 0.0877042 0.98521 0 0.08647 -0.0612807 -0.052017 1 
0.989231 0.0164222 -0.145433 0 -0.0288542 0.996064 -0.08379 0 0.143485 0.0870839 0.985814 0 0.0875714 -0.0638913 -0.0533844 1 
0.988905 0.0140449 -0.147876 0 -0.026848 0.996023 -0.0849429 0 0.146095 0.0879705 0.985352 0 0.0883985 -0.0682865 -0.0559209 1 
0.989461 0.0185475 -0.1436 0 -0.0315241 0.995565 -0.0886253 0 0.141319 0.092218 0.98566 0 0.0928882 -0.0698799 -0.0569678 1 
0.989398 0.0202512 -0.143805 0 -0.0334238 0.995399 -0.0897841 0 0.141325 0.0936387 0.985525 0 0.0947265 -0.0722553 -0.0579882 1 
0.98931 0.0199808 -0.144446 0 -0.0328992 0.99561 -0.0876063 0 0.142062 0.0914219 0.985627 0 0.096625 -0.0747383 -0.0599836 1 
0.988878 0.0185401 -0.147564 0 -0.0313381 0.995897 -0.0848816 0 0.145384 0.0885618 0.985404 0 0.0969448 -0.0771984 -0.061838 1 
0.989466 0.0208592 -0.143252 0 -0.0334013 0.995759 -0.0857139 0 0.140856 0.0895956 0.985968 0 0.0993447 -0.0796274 -0.062482 1 
0.9896 0.0217611 -0.142186 0 -0.0341641 0.995761 -0.0853803 0 0.139726 0.0893499 0.986151 0 0.100404 -0.0797243 -0.0638024 1 
0.989788 0.0261686 -0.14012 0 -0.0385999 0.995481 -0.0867492 0 0.137217 0.0912718 0.986327 0 0.102665 -0.0828507 -0.0658224 1 
0.990174 0.0183347 -0.138625 0 -0.0300837 0.996083 -0.0831397 0 0.136558 0.0864931 0.986849 0 0.103396 -0.0844375 -0.0677141 1 
0.989768 0.0184946 -0.141475 0 -0.0307026 0.995941 -0.084601 0 0.139336 0.0880789 0.98632 0 0.102748 -0.086387 -0.0692945 1 
0.989768 0.0184946 -0.141475 0 -0.0307026 0.995941 -0.084601 0 0.139336 0.0880789 0.98632 0 0.102748 -0.086387 -0.0692945 1 
0.990067 0.0285355 -0.137662 0 -0.0402584 0.995723 -0.0831385 0 0.134701 0.0878546 0.986984 0 0.106353 -0.090784 -0.0743356 1 
0.990365 0.0345818 -0.134091 0 -0.045817 0.995608 -0.0816273 0 0.13068 0.0869843 0.987602 0 0.110234 -0.0920223 -0.0754946 1 
0.990539 0.0333559 -0.13311 0 -0.0444828 0.995678 -0.0815132 0 0.129815 0.086663 0.987744 0 0.112252 -0.0939235 -0.0776256 1 
0.990587 0.0370712 -0.131766 0 -0.0485787 0.995176 -0.0852191 0 0.127971 0.0908178 0.987611 0 0.114989 -0.0946024 -0.0786219 1 
0.990703 0.0352599 -0.131387 0 -0.0469879 0.995076 -0.0872596 0 0.127663 0.0926218 0.987484 0 0.116532 -0.0957507 -0.0792765 1 
0.990633 0.0273137 -0.133788 0 -0.039444 0.995261 -0.0888737 0 0.130726 0.0933182 0.987017 0 0.117698 -0.0959959 -0.0804782 1 
0.990382 0.0278519 -0.135519 0 -0.0403699 0.995075 -0.0905174 0 0.132331 0.0951176 0.986632 0 0.117309 -0.0976195 -0.0816832 1 
0.990817 0.0279771 -0.132281 0 -0.0413781 0.994159 -0.0996705 0 0.12872 0.104229 0.986189 0 0.119057 -0.099299 -0.0816123 1 
0.990736 0.0228244 -0.133866 0 -0.0366781 0.994112 -0.101954 0 0.130751 0.105919 0.985741 0 0.119305 -0.101627 -0.0829038 1 
0.989981 0.00788831 -0.140976 0 -0.0217699 0.995026 -0.0971984 0 0.139508 0.0992934 0.985231 0 0.11893 -0.105463 -0.0858947 1 
0.989528 0.0141667 -0.143642 0 -0.0277977 0.995246 -0.0933376 0 0.141637 0.0963529 0.985219 0 0.119315 -0.10762 -0.0894392 1 
0.98992 0.0154184 -0.140778 0 -0.0280474 0.99571 -0.0881704 0 0.138815 0.09123 0.986108 0 0.120513 -0.111641 -0.0927059 1 
0.989927 0.0161145 -0.140652 0 -0.0280585 0.996124 -0.0833532 0 0.138763 0.0864599 0.986545 0 0.121353 -0.112792 -0.0955063 1 
0.990363 0.01672 -0.137475 0 -0.0281129 0.996288 -0.0813535 0 0.135604 0.0844342 0.987159 0 0.121784 -0.11316 -0.0980242 1 
0.990637 0.0206367 -0.134948 0 -0.0314741 0.996403 -0.0786743 0 0.132839 0.0821849 0.987725 0 0.12295 -0.1127 -0.099842 1 
0.990643 0.0167072 -0.135445 0 -0.0267568 0.996993 -0.0727196 0 0.133823 0.0756632 0.988113 0 0.122959 -0.111822 -0.104119 1 
0.991115 0.0228521 -0.131025 0 -0.0320509 0.997133 -0.0685326 0 0.129083 0.072123 0.989008 0 0.123933 -0.112609 -0.106502 1 
0.991449 0.0185973 -0.129155 0 -0.026581 0.997821 -0.0603685 0 0.127751 0.0632853 0.989786 0 0.122861 -0.113662 -0.112889 1 
0.991957 0.0224455 -0.124563 0 -0.0298889 0.997856 -0.0582125 0 0.122989 0.0614673 0.990503 0 0.122801 -0.112121 -0.116811 1 
0.992652 0.0196839 -0.119385 0 -0.0251923 0.998677 -0.0448073 0 0.118345 0.0474856 0.991837 0 0.121989 -0.11509 -0.124589 1 
0.993147 0.0363241 -0.11108 0 -0.0412437 0.998252 -0.0423162 0 0.109349 0.0466074 0.992911 0 0.123732 -0.113941 -0.128479 1 
0.994069 0.042538 -0.100078 0 -0.0453319 0.998638 -0.0258087 0 0.0988433 0.0301923 0.994645 0 0.123869 -0.110506 -0.136315 1 
0.994032 0.0435118 -0.100027 0 -0.0453569 0.998838 -0.0162444 0 0.099204 0.0206844 0.994853 0 0.122979 -0.110573 -0.141718 1 
0.994089 0.051309 -0.0956659 0 -0.0528627 0.998506 -0.0137753 0 0.0948162 0.018751 0.995319 0 0.124978 -0.108273 -0.144637 1 
0.993865 0.0587855 -0.0936706 0 -0.0594929 0.998216 -0.00477449 0 0.0932229 0.0103179 0.995592 0 0.126987 -0.107926 -0.150617 1 
0.993817 0.0590179 -0.0940385 0 -0.0594436 0.998229 -0.00172877 0 0.0937699 0.00730803 0.995568 0 0.125924 -0.106878 -0.152386 1 
0.993587 0.0630385 -0.0938601 0 -0.0629347 0.998008 0.00406914 0 0.0939297 0.00186398 0.995578 0 0.12706 -0.107808 -0.155376 1 
0.993684 0.0658323 -0.0908641 0 -0.0649472 0.997807 0.0126675 0 0.0914988 -0.00668619 0.995783 0 0.12682 -0.107058 -0.159745 1 
0.993364 0.0704809 -0.0908796 0 -0.0686996 0.997381 0.0225866 0 0.0922335 -0.0161934 0.995606 0 0.127106 -0.106249 -0.164594 1 
0.993174 0.0733668 -0.0906674 0 -0.0712016 0.997099 0.0268936 0 0.0923774 -0.0202544 0.995519 0 0.126691 -0.104967 -0.167568 1 
0.993263 0.0734705 -0.0896096 0 -0.070799 0.996956 0.0326404 0 0.0917349 -0.0260762 0.995443 0 0.126763 -0.105134 -0.170495 1 
0.993177 0.0757087 -0.0886915 0 -0.0728279 0.996719 0.0352841 0 0.0910719 -0.0285842 0.995435 0 0.127821 -0.105716 -0.173337 1 
0.992957 0.0781773 -0.0890179 0 -0.0748824 0.996398 0.0397768 0 0.0918069 -0.0328308 0.995236 0 0.127953 -0.105098 -0.177517 1 
0.993601 0.0743025 -0.0850529 0 -0.0711344 0.996676 0.0396965 0 0.0877198 -0.0333923 0.995586 0 0.128247 -0.106988 -0.180021 1 
0.993677 0.0737592 -0.0846405 0 -0.0700434 0.996479 0.0460665 0 0.0877404 -0.0398467 0.995347 0 0.128265 -0.106477 -0.182802 1 
0.99329 0.0771956 -0.0861029 0 -0.0730815 0.996073 0.0499559 0 0.0896212 -0.0433282 0.995034 0 0.128842 -0.106559 -0.186029 1 
0.993002 0.0826685 -0.0843328 0 -0.0787958 0.995721 0.0482666 0 0.0879621 -0.0412838 0.995268 0 0.130738 -0.10828 -0.187006 1 
0.993107 0.0834479 -0.0822973 0 -0.079468 0.995556 0.0505105 0 0.0861466 -0.0436223 0.995328 0 0.129942 -0.106322 -0.188305 1 
0.992905 0.0911955 -0.0763022 0 -0.0873955 0.994828 0.0517482 0 0.0806268 -0.0447126 0.995741 0 0.132104 -0.107363 -0.188785 1 
0.993204 0.0901281 -0.0736368 0 -0.0867095 0.995058 0.0483791 0 0.0776333 -0.0416653 0.996112 0 0.134838 -0.108406 -0.188812 1 
0.992705 0.0923358 -0.0775271 0 -0.0888087 0.994901 0.0477799 0 0.0815437 -0.0405462 0.995845 0 0.135322 -0.109848 -0.190519 1 
0.992077 0.0957463 -0.0813338 0 -0.0919839 0.994562 0.0488191 0 0.0855658 -0.0409508 0.995491 0 0.134325 -0.106857 -0.191473 1 
0.991978 0.0964917 -0.0816602 0 -0.0927712 0.994519 0.0482006 0 0.0858637 -0.0402382 0.995495 0 0.135 -0.108022 -0.191944 1 
0.992988 0.088293 -0.0786063 0 -0.0849213 0.995359 0.0452577 0 0.0822374 -0.0382649 0.995878 0 0.136036 -0.111092 -0.191973 1 
0.993113 0.0860962 -0.0794516 0 -0.0821628 0.995286 0.051521 0 0.0835128 -0.0446382 0.995507 0 0.135065 -0.110415 -0.194106 1 
0.992469 0.0894082 -0.0837243 0 -0.084975 0.994858 0.055103 0 0.0882205 -0.0475735 0.994965 0 0.134169 -0.108395 -0.196081 1 
0.992269 0.0871425 -0.0883565 0 -0.0824712 0.995062 0.0552165 0 0.0927319 -0.0475027 0.994558 0 0.134366 -0.109192 -0.197619 1 
0.992004 0.0916315 -0.0867781 0 -0.0865417 0.994396 0.0607114 0 0.0918549 -0.052716 0.994377 0 0.135317 -0.107966 -0.199696 1 
0.992004 0.0916315 -0.0867781 0 -0.0865417 0.994396 0.0607114 0 0.0918549 -0.052716 0.994377 0 0.135317 -0.107966 -0.199696 1 
0.992623 0.0893432 -0.0819587 0 -0.0847682 0.994728 0.0577055 0 0.0866822 -0.0503323 0.994964 0 0.137422 -0.109976 -0.200795 1 
0.993693 0.0777282 -0.080821 0 -0.0737791 0.995982 0.0507567 0 0.0844415 -0.0444737 0.995436 0 0.139993 -0.114327 -0.20175 1 
0.994285 0.072919 -0.0779685 0 -0.0694569 0.996513 0.0462336 0 0.0810679 -0.0405539 0.995884 0 0.142293 -0.116569 -0.202719 1 
0.994705 0.0662402 -0.0785771 0 -0.0633058 0.997221 0.0392689 0 0.0809599 -0.0340865 0.996135 0 0.143428 -0.117801 -0.20352 1 
0.995276 0.0593164 -0.0768514 0 -0.057608 0.998044 0.0242622 0 0.0781402 -0.0197204 0.996748 0 0.145527 -0.12287 -0.202706 1 
0.995647 0.0605935 -0.0708079 0 -0.0592843 0.998031 0.0204499 0 0.0719076 -0.0161631 0.997281 0 0.14796 -0.124004 -0.203031 1 
0.995716 0.0607227 -0.0697295 0 -0.0599138 0.99811 0.0136366 0 0.0704257 -0.00940045 0.997473 0 0.151022 -0.128792 -0.203451 1 
0.995349 0.0612594 -0.0743458 0 -0.0605091 0.998091 0.0123055 0 0.0749577 -0.00774963 0.997157 0 0.151486 -0.128311 -0.205494 1 
0.99544 0.0621389 -0.0723635 0 -0.0618042 0.998064 0.00685855 0 0.0726496 -0.00235491 0.997356 0 0.152871 -0.129216 -0.205631 1 
0.996065 0.0639441 -0.0613535 0 -0.0636073 0.997947 0.00743107 0 0.0617027 -0.00349929 0.998089 0 0.157684 -0.133449 -0.205709 1 
0.996532 0.0638555 -0.0533525 0 -0.0630524 0.997872 0.0166062 0 0.0542993 -0.0131846 0.998438 0 0.160075 -0.132277 -0.206929 1 
0.996771 0.0695008 -0.0402106 0 -0.0686531 0.997395 0.0220937 0 0.0416413 -0.0192617 0.998948 0 0.165868 -0.134183 -0.207341 1 
0.997419 0.0640557 -0.0324375 0 -0.0633467 0.997739 0.0224359 0 0.0338013 -0.0203232 0.999223 0 0.168734 -0.137071 -0.207289 1 
0.997311 0.0690832 -0.0244546 0 -0.0683106 0.997178 0.0311376 0 0.0265366 -0.0293833 0.999217 0 0.171421 -0.134524 -0.208207 1 
0.997172 0.0732712 -0.0166847 0 -0.0728263 0.997009 0.0258765 0 0.0185308 -0.0245882 0.999527 0 0.176202 -0.137075 -0.20909 1 
0.997337 0.0727452 -0.00503986 0 -0.0726322 0.997161 0.0198353 0 0.00646849 -0.0194164 0.999792 0 0.181275 -0.140675 -0.207907 1 
0.997376 0.0723828 0.00118641 0 -0.0723922 0.997179 0.0198224 0 0.000251762 -0.0198562 0.999804 0 0.184015 -0.141477 -0.20857 1 
0.997156 0.0753231 0.00221934 0 -0.0753493 0.997025 0.0162333 0 -0.000989965 -0.0163543 0.999867 0 0.185799 -0.14319 -0.208506 1 
0.997482 0.0708806 0.00207466 0 -0.0709033 0.997378 0.0144603 0 -0.00104424 -0.014571 0.999894 0 0.187326 -0.146286 -0.20929 1 
0.997069 0.0763487 0.0047813 0 -0.0763844 0.997048 0.00778218 0 -0.004173 -0.00812459 0.999959 0 0.190466 -0.148873 -0.208527 1 
0.997069 0.0763487 0.0047813 0 -0.0763844 0.997048 0.00778218 0 -0.004173 -0.00812459 0.999959 0 0.190466 -0.148873 -0.208527 1 
0.996959 0.0770513 0.0116077 0 -0.0770526 0.997027 -0.000334434 0 -0.011599 -0.000560991 0.999933 0 0.193138 -0.150686 -0.207898 1 
0.997097 0.0757048 0.00814194 0 -0.0756228 0.997086 -0.00995278 0 -0.00887166 0.00930815 0.999918 0 0.194267 -0.154738 -0.207881 1 
0.99688 0.0786304 0.00682837 0 -0.0785151 0.996788 -0.0157673 0 -0.00804619 0.015182 0.999853 0 0.195658 -0.157479 -0.20754 1 
0.996459 0.0838503 0.00615472 0 -0.0837085 0.996279 -0.020517 0 -0.00785215 0.0199292 0.999772 0 0.198556 -0.161669 -0.207665 1 
0.996326 0.0856114 0.00215824 0 -0.0855632 0.996189 -0.0168678 0 -0.00359407 0.0166211 0.999856 0 0.198365 -0.161402 -0.209587 1 
0.995353 0.0962232 -0.00351603 0 -0.0962757 0.995138 -0.0207316 0 0.0015041 0.0209738 0.99978 0 0.200037 -0.163529 -0.210331 1 
0.995118 0.098422 -0.00714868 0 -0.0985634 0.994858 -0.0232803 0 0.00482064 0.0238713 0.999704 0 0.201144 -0.166325 -0.211373 1 
0.994743 0.102236 -0.00581333 0 -0.102336 0.994533 -0.0207627 0 0.00365887 0.0212485 0.999769 0 0.203195 -0.16811 -0.212128 1 
0.994743 0.102236 -0.00581333 0 -0.102336 0.994533 -0.0207627 0 0.00365887 0.0212485 0.999769 0 0.203195 -0.16811 -0.212128 1 
0.994048 0.108833 -0.00482085 0 -0.108915 0.993785 -0.0229845 0 0.00228945 0.0233727 0.999725 0 0.207124 -0.172953 -0.213591 1 
0.994274 0.106545 -0.00811063 0 -0.10673 0.993909 -0.0274494 0 0.00513663 0.0281579 0.999591 0 0.206464 -0.17571 -0.214202 1 
0.994429 0.104277 -0.0153855 0 -0.104745 0.993929 -0.0336671 0 0.0117814 0.0350911 0.999316 0 0.206454 -0.179239 -0.215654 1 
0.994621 0.101647 -0.0198865 0 -0.102266 0.994208 -0.0330519 0 0.0164117 0.0349078 0.999257 0 0.206033 -0.182352 -0.217733 1 
0.99409 0.105297 -0.0263834 0 -0.106327 0.993474 -0.0412689 0 0.0218658 0.0438302 0.998801 0 0.207062 -0.188188 -0.218322 1 
0.994084 0.104959 -0.0279059 0 -0.1062 0.993209 -0.0475115 0 0.0227296 0.050194 0.998482 0 0.209089 -0.192673 -0.218321 1 
0.993668 0.108663 -0.0285293 0 -0.10994 0.992784 -0.0478706 0 0.0231217 0.050704 0.998447 0 0.210736 -0.193815 -0.218689 1 
0.993517 0.109945 -0.0288986 0 -0.111298 0.992511 -0.0503397 0 0.0231476 0.0532297 0.998315 0 0.210908 -0.195592 -0.218813 1 
0.99415 0.104111 -0.028732 0 -0.105645 0.992689 -0.0583669 0 0.0224453 0.0610608 0.997883 0 0.211723 -0.202135 -0.21823 1 
0.993409 0.109397 -0.0341945 0 -0.111314 0.99195 -0.0603593 0 0.0273161 0.0637678 0.997592 0 0.211866 -0.203486 -0.220282 1 
0.993015 0.11274 -0.0347934 0 -0.114727 0.991479 -0.0616948 0 0.0275415 0.0652556 0.99749 0 0.213132 -0.205784 -0.221064 1 
0.993304 0.10971 -0.0361942 0 -0.11199 0.991344 -0.0685074 0 0.028365 0.0721019 0.996995 0 0.213322 -0.209794 -0.221193 1 
0.993304 0.10971 -0.0361942 0 -0.11199 0.991344 -0.0685074 0 0.028365 0.0721019 0.996995 0 0.213322 -0.209794 -0.221193 1 
0.993416 0.109334 -0.034209 0 -0.111415 0.991552 -0.0664006 0 0.0266602 0.0697748 0.997208 0 0.217106 -0.213681 -0.223072 1 
0.993749 0.10656 -0.0332584 0 -0.108465 0.992164 -0.0620121 0 0.0263897 0.0652318 0.997522 0 0.216459 -0.218805 -0.226283 1 
0.993664 0.108964 -0.0275073 0 -0.110511 0.991881 -0.0629179 0 0.0204282 0.065559 0.997641 0 0.220418 -0.222785 -0.226822 1 
0.993664 0.108964 -0.0275073 0 -0.110511 0.991881 -0.0629179 0 0.0204282 0.065559 0.997641 0 0.220418 -0.222785 -0.226822 1 
0.992616 0.115456 -0.0371817 0 -0.117826 0.990598 -0.0695107 0 0.0288066 0.0733783 0.996889 0 0.221812 -0.225756 -0.229042 1 
0.992217 0.116957 -0.0427299 0 -0.120059 0.989603 -0.0791826 0 0.0330247 0.0836963 0.995945 0 0.220261 -0.232608 -0.228651 1 
0.991661 0.118615 -0.0503764 0 -0.12284 0.988221 -0.0912626 0 0.0389579 0.0966896 0.994553 0 0.222142 -0.236047 -0.227817 1 
0.991661 0.118615 -0.0503764 0 -0.12284 0.988221 -0.0912626 0 0.0389579 0.0966896 0.994553 0 0.222142 -0.236047 -0.227817 1 
0.98978 0.13009 -0.0584018 0 -0.134974 0.986809 -0.0893797 0 0.046004 0.0963488 0.994285 0 0.22484 -0.241342 -0.23116 1 
0.990402 0.125262 -0.0584139 0 -0.130199 0.987375 -0.0902028 0 0.0463774 0.0969423 0.99421 0 0.223733 -0.242583 -0.23166 1 
0.990144 0.127548 -0.0578379 0 -0.132557 0.986789 -0.0931421 0 0.0451937 0.0998908 0.993972 0 0.224455 -0.241662 -0.231386 1 
0.991492 0.118469 -0.0539232 0 -0.123389 0.98735 -0.0995672 0 0.0414454 0.105374 0.99357 0 0.223731 -0.244848 -0.229673 1 
0.992449 0.1103 -0.0536381 0 -0.115262 0.988239 -0.100484 0 0.0419239 0.105908 0.993493 0 0.223053 -0.249793 -0.229793 1 
0.991809 0.115237 -0.0550765 0 -0.120434 0.987378 -0.102854 0 0.0425287 0.108645 0.993171 0 0.222693 -0.251309 -0.230101 1 
0.992708 0.10651 -0.0564381 0 -0.112265 0.987441 -0.111151 0 0.0438906 0.116676 0.992201 0 0.222153 -0.250782 -0.227665 1 
0.992708 0.10651 -0.0564381 0 -0.112265 0.987441 -0.111151 0 0.0438906 0.116676 0.992201 0 0.222153 -0.250782 -0.227665 1 
0.991737 0.114719 -0.0574118 0 -0.120568 0.986401 -0.111693 0 0.0438178 0.117692 0.992084 0 0.224817 -0.260024 -0.228573 1 
0.991921 0.112661 -0.0582983 0 -0.118508 0.98694 -0.109105 0 0.045245 0.115132 0.99232 0 0.223415 -0.261854 -0.230017 1 
0.9919 0.111882 -0.0601209 0 -0.117854 0.987225 -0.107224 0 0.0473564 0.113441 0.992416 0 0.223055 -0.261501 -0.230379 1 
0.992851 0.100344 -0.0646254 0 -0.107096 0.988004 -0.111252 0 0.0526867 0.117378 0.99169 0 0.220407 -0.262937 -0.230232 1 
0.993754 0.0866643 -0.0702853 0 -0.0947074 0.988172 -0.120603 0 0.059002 0.126506 0.99021 0 0.216426 -0.268824 -0.228758 1 
0.993098 0.0943393 -0.0696809 0 -0.102629 0.986583 -0.126964 0 0.0567683 0.133238 0.989458 0 0.217424 -0.270428 -0.227595 1 
0.99359 0.0891427 -0.0695028 0 -0.0975638 0.986825 -0.129061 0 0.0570822 0.135015 0.989199 0 0.217289 -0.271802 -0.227528 1 
0.993987 0.0823119 -0.0722085 0 -0.0910504 0.987648 -0.127514 0 0.0608207 0.133322 0.989206 0 0.215985 -0.273283 -0.228426 1 
0.993555 0.0867882 -0.0729 0 -0.0956333 0.987126 -0.128204 0 0.0608348 0.134349 0.989066 0 0.215192 -0.275691 -0.228851 1 
0.993679 0.0883705 -0.0692222 0 -0.0964841 0.987541 -0.124306 0 0.0573748 0.130199 0.989827 0 0.217681 -0.276905 -0.229309 1 
0.99389 0.0876374 -0.0670894 0 -0.0952777 0.988099 -0.12075 0 0.0557087 0.126404 0.990414 0 0.216491 -0.276532 -0.230165 1 
0.993602 0.0934426 -0.063425 0 -0.100259 0.988348 -0.114519 0 0.051985 0.120145 0.991395 0 0.218289 -0.27771 -0.232035 1 
0.994291 0.0895017 -0.0580832 0 -0.0956637 0.988885 -0.113812 0 0.0472513 0.118719 0.991804 0 0.219026 -0.278042 -0.231574 1 
0.994949 0.0868622 -0.0502876 0 -0.0920243 0.989486 -0.111568 0 0.0400678 0.115632 0.992485 0 0.218977 -0.277152 -0.23143 1 
0.994566 0.0908265 -0.050865 0 -0.0958569 0.989603 -0.107221 0 0.0405976 0.111514 0.992934 0 0.219101 -0.277466 -0.232717 1 
0.994566 0.0908265 -0.050865 0 -0.0958569 0.989603 -0.107221 0 0.0405976 0.111514 0.992934 0 0.219101 -0.277466 -0.232717 1 
0.994905 0.0885152 -0.0482445 0 -0.0930743 0.990389 -0.102305 0 0.0387253 0.106274 0.993583 0 0.217602 -0.278209 -0.234025 1 
0.994654 0.0917647 -0.0473373 0 -0.0964201 0.98948 -0.107847 0 0.0369428 0.111834 0.993041 0 0.219157 -0.281786 -0.232894 1 
0.995036 0.0868316 -0.0486093 0 -0.0917478 0.989661 -0.110235 0 0.0385349 0.114147 0.992717 0 0.218192 -0.282835 -0.232792 1 
0.995375 0.0807522 -0.0520194 0 -0.086174 0.989944 -0.112174 0 0.042438 0.116138 0.992327 0 0.215495 -0.281006 -0.232679 1 
0.995215 0.0801699 -0.0558451 0 -0.0864187 0.988964 -0.120333 0 0.0455817 0.124584 0.991163 0 0.213984 -0.283097 -0.230179 1 
0.99552 0.0750133 -0.0575468 0 -0.0820114 0.988002 -0.13086 0 0.0470401 0.134993 0.98973 0 0.213287 -0.28569 -0.226742 1 
0.99579 0.0670317 -0.0625088 0 -0.0751773 0.98748 -0.138674 0 0.0524307 0.142789 0.988364 0 0.20967 -0.290067 -0.224736 1 
0.996072 0.0589842 -0.0660407 0 -0.0679014 0.987515 -0.142137 0 0.0568324 0.146062 0.987643 0 0.206266 -0.281816 -0.225053 1 
0.996314 0.0531273 -0.0673432 0 -0.0625916 0.987112 -0.14728 0 0.0586507 0.150952 0.986801 0 0.207842 -0.293731 -0.222829 1 
0.99551 0.0648907 -0.0689064 0 -0.0744497 0.986374 -0.146705 0 0.0584477 0.151176 0.986778 0 0.209184 -0.29111 -0.223522 1 
0.99551 0.0648907 -0.0689064 0 -0.0744497 0.986374 -0.146705 0 0.0584477 0.151176 0.986778 0 0.209184 -0.29111 -0.223522 1 
0.995336 0.0733344 -0.062666 0 -0.0825331 0.983707 -0.159713 0 0.0499325 0.16414 0.985173 0 0.213056 -0.293454 -0.218635 1 
0.995121 0.0748174 -0.0643006 0 -0.0843804 0.983197 -0.161872 0 0.0511093 0.166508 0.984716 0 0.213694 -0.290942 -0.218169 1 
0.994956 0.0789874 -0.0618217 0 -0.0882518 0.982289 -0.165286 0 0.0476713 0.169908 0.984307 0 0.214597 -0.286814 -0.216673 1 
0.994502 0.0847789 -0.0614645 0 -0.0940188 0.981355 -0.167634 0 0.0461067 0.172491 0.983932 0 0.217505 -0.290432 -0.215759 1 
0.994502 0.0847789 -0.0614645 0 -0.0940188 0.981355 -0.167634 0 0.0461067 0.172491 0.983932 0 0.217505 -0.290432 -0.215759 1 
0.995078 0.0788339 -0.0600375 0 -0.0878042 0.982301 -0.165453 0 0.0459316 0.16991 0.984389 0 0.21522 -0.28993 -0.216825 1 
0.995134 0.0785792 -0.0594287 0 -0.0873494 0.982702 -0.163296 0 0.045569 0.167692 0.984786 0 0.212095 -0.286737 -0.217902 1 
0.995134 0.0785792 -0.0594287 0 -0.0873494 0.982702 -0.163296 0 0.045569 0.167692 0.984786 0 0.212095 -0.286737 -0.217902 1 
0.995134 0.0785792 -0.0594287 0 -0.0873494 0.982702 -0.163296 0 0.045569 0.167692 0.984786 0 0.212095 -0.286737 -0.217902 1 
0.996115 0.0668177 -0.0573502 0 -0.0749807 0.985131 -0.154579 0 0.0461688 0.158279 0.986315 0 0.206434 -0.288241 -0.221858 1 
0.996181 0.0663946 -0.0566879 0 -0.0744698 0.985126 -0.154855 0 0.0455632 0.158485 0.98631 0 0.206593 -0.288892 -0.221753 1 
0.996278 0.0649529 -0.0566613 0 -0.073036 0.985247 -0.15477 0 0.0457726 0.158332 0.986325 0 0.20707 -0.28875 -0.222033 1 
0.996204 0.0659589 -0.0567954 0 -0.0739697 0.985454 -0.152996 0 0.0458778 0.156616 0.986594 0 0.207462 -0.288816 -0.223096 1 
0.996211 0.0643172 -0.0585304 0 -0.0725551 0.98576 -0.151696 0 0.0479403 0.155367 0.986694 0 0.206569 -0.288821 -0.223364 1 
0.996409 0.0612307 -0.0584671 0 -0.0694232 0.986198 -0.150312 0 0.0484564 0.153831 0.986909 0 0.20511 -0.289079 -0.223957 1 
0.996359 0.0603936 -0.0601593 0 -0.0687628 0.986521 -0.148486 0 0.0503808 0.152082 0.987084 0 0.204023 -0.288627 -0.224879 1 
0.996341 0.061612 -0.0592203 0 -0.0697802 0.986586 -0.147573 0 0.0493336 0.151166 0.987277 0 0.204926 -0.288256 -0.224947 1 
0.996184 0.0638775 -0.0594646 0 -0.0720062 0.986589 -0.146483 0 0.0493101 0.150206 0.987425 0 0.205196 -0.288515 -0.225149 1 
0.996199 0.0630659 -0.0600765 0 -0.0713773 0.986391 -0.148117 0 0.0499178 0.151842 0.987144 0 0.204235 -0.288874 -0.224898 1 
0.996284 0.0605066 -0.0612781 0 -0.0689515 0.986776 -0.146689 0 0.0515921 0.150369 0.987284 0 0.203676 -0.289188 -0.225231 1 
0.996318 0.0606943 -0.0605431 0 -0.0689098 0.987113 -0.144424 0 0.0509972 0.148064 0.987663 0 0.203846 -0.287684 -0.22632 1 
0.996613 0.0573735 -0.0589118 0 -0.0655697 0.986776 -0.148233 0 0.049628 0.151594 0.987197 0 0.203281 -0.290118 -0.225039 1 
0.996396 0.0605756 -0.0593704 0 -0.0685882 0.987222 -0.143833 0 0.0498989 0.147387 0.98782 0 0.202741 -0.288221 -0.226243 1 
0.996655 0.0573953 -0.0581652 0 -0.0651139 0.987877 -0.140919 0 0.049372 0.144235 0.988312 0 0.201851 -0.289562 -0.226964 1 
0.996498 0.0603326 -0.0578854 0 -0.0678416 0.988104 -0.138015 0 0.04887 0.141458 0.988738 0 0.202406 -0.288594 -0.228055 1 
0.996498 0.0603326 -0.0578854 0 -0.0678416 0.988104 -0.138015 0 0.04887 0.141458 0.988738 0 0.202406 -0.288594 -0.228055 1 
0.996686 0.0572655 -0.057766 0 -0.0646994 0.988548 -0.13633 0 0.0492974 0.139615 0.988979 0 0.200709 -0.288037 -0.228993 1 
0.996598 0.0595027 -0.0570099 0 -0.0666818 0.988781 -0.133658 0 0.0484173 0.137005 0.989387 0 0.200539 -0.286035 -0.229697 1 
0.996598 0.0595027 -0.0570099 0 -0.0666818 0.988781 -0.133658 0 0.0484173 0.137005 0.989387 0 0.200539 -0.286035 -0.229697 1 
0.997055 0.0549529 -0.0534851 0 -0.061759 0.988881 -0.135274 0 0.0454567 0.138179 0.989365 0 0.199783 -0.287412 -0.229581 1 
0.997295 0.0525304 -0.0514113 0 -0.0591925 0.988653 -0.138062 0 0.0435754 0.140732 0.989089 0 0.200299 -0.286264 -0.228721 1 
0.997295 0.0525304 -0.0514113 0 -0.0591925 0.988653 -0.138062 0 0.0435754 0.140732 0.989089 0 0.200299 -0.286264 -0.228721 1 
0.997295 0.0525304 -0.0514113 0 -0.0591925 0.988653 -0.138062 0 0.0435754 0.140732 0.989089 0 0.200299 -0.286264 -0.228721 1 
0.997295 0.0525304 -0.0514113 0 -0.0591925 0.988653 -0.138062 0 0.0435754 0.140732 0.989089 0 0.200299 -0.286264 -0.228721 1 
