1249: 0.999998 -0.00152928 0.000953154 0 0.00152895 0.999999 0.000349078 0 -0.000953687 -0.00034762 1 0 0.0011927 0.000155808 3.17076e-005 1 
1261: 0.998934 -0.016366 0.0431653 0 0.0163046 0.999866 0.00177353 0 -0.0431885 -0.00106785 0.999067 0 0.025556 0.0111066 0.00346309 1 
1273: 0.9937 -0.0199668 0.110287 0 0.0212277 0.999722 -0.0102705 0 -0.110051 0.012547 0.993847 0 0.0636332 0.013112 0.00372865 1 
1285: 0.98388 -0.0273821 0.176726 0 0.0341321 0.998795 -0.0352675 0 -0.175547 0.040731 0.983628 0 0.102443 0.0174592 0.00247997 1 
1297: 0.97273 -0.0578623 0.224612 0 0.0668405 0.997233 -0.0325695 0 -0.222106 0.0466945 0.973904 0 0.140431 0.0133452 0.00203916 1 
1309: 0.960119 -0.0697239 0.270761 0 0.0817395 0.996097 -0.0333429 0 -0.267379 0.054145 0.96207 0 0.185222 0.0144577 0.00299903 1 
1321: 0.948501 -0.0755417 0.307636 0 0.0915935 0.99507 -0.0380551 0 -0.303245 0.0642727 0.950743 0 0.212815 0.0139571 0.00609189 1 
1333: 0.944936 -0.0953956 0.313046 0 0.108273 0.993834 -0.0239689 0 -0.308829 0.0565434 0.949436 0 0.254307 0.0144181 -0.00450625 1 
1345: 0.94863 -0.0980096 0.300827 0 0.108905 0.99386 -0.0196229 0 -0.297057 0.0513766 0.953478 0 0.287456 0.0119074 -0.0081318 1 
1357: 0.934555 -0.0970683 0.342325 0 0.11243 0.99334 -0.0252681 0 -0.337593 0.0621019 0.939243 0 0.319449 0.0156364 -0.00660639 1 
1369: 0.920032 -0.0903604 0.381285 0 0.110984 0.993296 -0.0324016 0 -0.375801 0.072127 0.923891 0 0.357831 0.0125569 0.00272096 1 
1381: 0.912949 -0.0897824 0.398076 0 0.112955 0.992982 -0.0350927 0 -0.392132 0.0770024 0.916682 0 0.401579 0.00722873 0.00773793 1 
1393: 0.881193 -0.0886457 0.464374 0 0.117861 0.992442 -0.0342027 0 -0.457833 0.0848709 0.88498 0 0.437739 0.0046291 0.018358 1 
1405: 0.858157 -0.109462 0.501584 0 0.142336 0.989435 -0.0275935 0 -0.493265 0.0950729 0.86467 0 0.463432 -0.000681788 0.02192 1 
1417: 0.833221 -0.11462 0.540932 0 0.155911 0.987287 -0.0309563 0 -0.530507 0.11013 0.840497 0 0.496171 -0.00529074 0.0229022 1 
1429: 0.818137 -0.120794 0.562194 0 0.160191 0.986862 -0.0210802 0 -0.552261 0.107305 0.826738 0 0.508744 -0.0071189 0.0293001 1 
1441: 0.826213 -0.0955956 0.555189 0 0.147556 0.987816 -0.0494993 0 -0.543692 0.122818 0.830251 0 0.500387 -0.0229468 0.0342194 1 
1453: 0.827902 -0.0538247 0.558286 0 0.107672 0.992125 -0.064019 0 -0.550442 0.113113 0.827177 0 0.494741 -0.0354614 0.0353985 1 
1465: 0.828115 -0.0218573 0.560134 0 0.069468 0.99554 -0.0638557 0 -0.556239 0.0917911 0.825939 0 0.490081 -0.0499875 0.036692 1 
1477: 0.820797 0.00309605 0.571213 0 0.0421634 0.996931 -0.0659897 0 -0.569663 0.0782483 0.818147 0 0.488989 -0.0765937 0.0368127 1 
1489: 0.78344 0.00165314 0.621466 0 0.0395706 0.997836 -0.0525383 0 -0.620207 0.0657524 0.781679 0 0.47719 -0.0987854 0.0523658 1 
1501: 0.824224 -0.00984265 0.566181 0 0.0261821 0.999444 -0.0207404 0 -0.565661 0.0319185 0.824022 0 0.466716 -0.0962179 0.0164093 1 
1513: 0.863196 -0.045814 0.502789 0 0.0628196 0.997883 -0.016923 0 -0.500949 0.0461928 0.864245 0 0.431746 -0.0824965 -0.00467314 1 
1525: 0.891414 -0.0941537 0.443304 0 0.104331 0.994543 0.00143882 0 -0.44102 0.0449677 0.896372 0 0.369146 -0.0633313 -0.023045 1 
1537: 0.927257 -0.102333 0.360172 0 0.106256 0.9943 0.00894954 0 -0.359035 0.0299719 0.932845 0 0.325359 -0.0580207 -0.043565 1 
1549: 0.944762 -0.0707807 0.320027 0 0.0808489 0.996561 -0.0182664 0 -0.317633 0.0431311 0.947234 0 0.283391 -0.0450896 -0.0459363 1 
1561: 0.964911 -0.0594441 0.255764 0 0.068942 0.997221 -0.0283233 0 -0.253369 0.0449623 0.966326 0 0.250092 -0.0361527 -0.0538104 1 
1573: 0.97838 -0.0563004 0.19901 0 0.0659138 0.996942 -0.0420106 0 -0.196036 0.0542198 0.979098 0 0.198372 -0.0199243 -0.0555033 1 
1585: 0.986605 -0.0281057 0.160697 0 0.0352076 0.998519 -0.0415187 0 -0.159292 0.0466203 0.986132 0 0.152975 -0.00431735 -0.0460371 1 
1597: 0.98691 -0.0176778 0.160308 0 0.0210209 0.999597 -0.0191821 0 -0.159904 0.0223008 0.986882 0 0.114951 0.00343166 -0.0431841 1 
1609: 0.991674 -0.039212 0.122672 0 0.0402379 0.999174 -0.0058961 0 -0.12234 0.0107831 0.992432 0 0.078337 0.00353545 -0.0526722 1 
1621: 0.994984 -0.0472727 0.0881769 0 0.0520377 0.997263 -0.0525466 0 -0.0854515 0.0568715 0.99472 0 0.0266919 0.015875 -0.052187 1 
1633: 0.999475 0.0220455 0.0238116 0 -0.0216022 0.999593 -0.0187193 0 -0.0242146 0.0181951 0.999543 0 0.00726202 0.0109608 -0.0569194 1 
1645: 0.995165 0.0469818 -0.0862727 0 -0.0458903 0.998842 0.0145932 0 0.0868582 -0.0105635 0.996166 0 -0.0252989 0.0129372 -0.0552861 1 
1657: 0.988777 0.0492794 -0.141054 0 -0.0449589 0.998423 0.0336571 0 0.142489 -0.0269377 0.989431 0 -0.0636514 0.0155872 -0.0514152 1 
1669: 0.965989 0.0717815 -0.248429 0 -0.04724 0.993521 0.103382 0 0.25424 -0.0881302 0.963119 0 -0.112012 0.0176486 -0.0362104 1 
1681: 0.952709 0.0937135 -0.289083 0 -0.0612236 0.99095 0.119472 0 0.297662 -0.0961228 0.949822 0 -0.164594 0.0160268 -0.0268077 1 
1693: 0.949084 0.10314 -0.297667 0 -0.069173 0.990057 0.122498 0 0.307342 -0.0956698 0.94678 0 -0.199106 0.0141351 -0.0194866 1 
1705: 0.943509 0.101131 -0.315542 0 -0.063864 0.989934 0.126312 0 0.32514 -0.0990247 0.940469 0 -0.223715 0.0171029 -0.0110772 1 
1717: 0.942285 0.0872423 -0.323252 0 -0.0485363 0.990852 0.125937 0 0.331281 -0.102979 0.937898 0 -0.248348 0.020888 -0.0121524 1 
1729: 0.928762 0.0833863 -0.36118 0 -0.0395324 0.991096 0.12716 0 0.368567 -0.103823 0.923787 0 -0.280715 0.0266983 -0.00923846 1 
1741: 0.947408 0.0852628 -0.308468 0 -0.0448052 0.989704 0.13595 0 0.316883 -0.114979 0.941471 0 -0.246503 0.0261557 -0.021405 1 
1753: 0.982763 0.0964468 -0.157733 0 -0.0577099 0.970552 0.233885 0 0.175646 -0.22075 0.959386 0 -0.203092 0.0434585 -0.038087 1 
1765: 0.994028 0.0858872 -0.0673516 0 -0.0612554 0.949725 0.30704 0 0.0903361 -0.30108 0.949312 0 -0.187414 0.0474717 -0.0397995 1 
1777: 0.998673 0.0504521 -0.0106045 0 -0.0427697 0.925635 0.375998 0 0.0287857 -0.375044 0.926562 0 -0.175057 0.0547366 -0.0419604 1 
1789: 0.999272 0.0221707 0.0311089 0 -0.0332353 0.90606 0.421846 0 -0.018834 -0.422572 0.906135 0 -0.145096 0.0955945 -0.0427935 1 
1801: 0.998055 0.0242606 0.0574626 0 -0.0474924 0.8928 0.447947 0 -0.0404352 -0.449804 0.892214 0 -0.119204 0.146956 -0.0179444 1 
1813: 0.997822 0.0336798 0.0567514 0 -0.0550724 0.898794 0.434902 0 -0.0363605 -0.437079 0.898689 0 -0.0954675 0.159548 -0.00306343 1 
1825: 0.998095 0.0449996 0.0422613 0 -0.0585007 0.908069 0.414718 0 -0.0197141 -0.416399 0.90897 0 -0.0868887 0.164767 0.0118687 1 
1837: 0.997302 0.0709129 0.0191147 0 -0.0729361 0.925724 0.371104 0 0.00862108 -0.371496 0.928396 0 -0.0652061 0.168401 0.030909 1 
1849: 0.996967 0.0734329 0.0258529 0 -0.0778494 0.938345 0.336825 0 0.000475075 -0.337816 0.941214 0 -0.0506439 0.159211 0.0509643 1 
1861: 0.997523 0.0695517 0.0107298 0 -0.0695745 0.951733 0.298942 0 0.01058 -0.298948 0.954213 0 -0.0502372 0.16703 0.0760635 1 
1873: 0.99692 0.0692678 -0.036832 0 -0.0597645 0.974693 0.215418 0 0.0508214 -0.212553 0.975829 0 -0.0856288 0.16809 0.0811988 1 
1885: 0.994927 0.0639624 -0.0776759 0 -0.0519612 0.987662 0.147737 0 0.086167 -0.142951 0.985973 0 -0.118359 0.181899 0.0786625 1 
1897: 0.98617 0.0736361 -0.148498 0 -0.0612985 0.994408 0.0860182 0 0.154001 -0.0757257 0.985166 0 -0.136682 0.200289 0.0795711 1 
1909: 0.988944 0.072647 -0.129294 0 -0.0685253 0.996999 0.0360516 0 0.131525 -0.0267931 0.990953 0 -0.121311 0.205011 0.0693308 1 
1921: 0.989756 0.0685035 -0.125278 0 -0.0637942 0.997113 0.0412276 0 0.127741 -0.0328132 0.991267 0 -0.107328 0.199703 0.068942 1 
1933: 0.990233 0.0757623 -0.117063 0 -0.0598636 0.989199 0.133817 0 0.125936 -0.125502 0.98407 0 -0.0404275 0.178798 0.0742091 1 
1945: 0.995727 0.0644625 -0.0661576 0 -0.049629 0.977418 0.205417 0 0.0779051 -0.201255 0.976438 0 0.0186096 0.165019 0.0761686 1 
1957: 0.999892 0.0138487 0.00531474 0 -0.0147124 0.971573 0.236293 0 -0.00189131 -0.236345 0.971669 0 0.0637917 0.160712 0.0762497 1 
1969: 0.995257 -0.0702053 0.0673714 0 0.0513634 0.967134 0.249038 0 -0.0826407 -0.244397 0.96615 0 0.122954 0.168532 0.0894824 1 
1981: 0.993526 -0.0612984 0.0956754 0 0.0394457 0.975707 0.21551 0 -0.106561 -0.21034 0.971806 0 0.156807 0.196734 0.0965908 1 
1993: 0.985728 -0.109069 0.128254 0 0.0716721 0.961161 0.266528 0 -0.152342 -0.253532 0.955258 0 0.202415 0.191201 0.0992704 1 
2005: 0.965838 -0.186765 0.179666 0 0.130856 0.94987 0.283952 0 -0.223691 -0.250741 0.941858 0 0.248487 0.19205 0.0890481 1 
2017: 0.956639 -0.241472 0.162901 0 0.188311 0.939368 0.286584 0 -0.222226 -0.243481 0.944107 0 0.288055 0.184248 0.0882646 1 
2029: 0.950734 -0.268533 0.154919 0 0.223036 0.939548 0.259823 0 -0.215325 -0.21247 0.953151 0 0.305795 0.1766 0.0746075 1 
2041: 0.925311 -0.316719 0.208551 0 0.253774 0.925832 0.280067 0 -0.281785 -0.206224 0.937056 0 0.329075 0.158284 0.0880498 1 
2053: 0.921528 -0.293753 0.253966 0 0.228574 0.939054 0.256777 0 -0.313917 -0.178577 0.932508 0 0.330658 0.167163 0.0980162 1 
2065: 0.921377 -0.277976 0.27166 0 0.222308 0.95022 0.218321 0 -0.318824 -0.140764 0.937306 0 0.307776 0.169386 0.0864936 1 
2077: 0.957876 -0.199051 0.207022 0 0.157035 0.966558 0.202755 0 -0.240457 -0.161705 0.957099 0 0.26993 0.160582 0.0750449 1 
2089: 0.987773 -0.0880799 0.12865 0 0.0558317 0.970247 0.2356 0 -0.145574 -0.225536 0.9633 0 0.215734 0.156322 0.0597368 1 
2101: 0.996292 -0.0499806 0.0700728 0 0.0339005 0.976186 0.21428 0 -0.0791138 -0.21111 0.974258 0 0.173415 0.133223 0.0460712 1 
2113: 0.99981 -0.0038526 -0.0192457 0 0.00702748 0.985806 0.167754 0 0.0183262 -0.167857 0.985644 0 0.130505 0.121531 0.0334674 1 
2125: 0.99959 -0.021314 0.0192665 0 0.0184809 0.990424 0.136833 0 -0.0219984 -0.136421 0.99041 0 0.095581 0.10148 0.0376723 1 
2137: 0.997928 -0.0296645 0.0571441 0 0.0212973 0.989665 0.141824 0 -0.0607605 -0.140313 0.988244 0 0.0759905 0.0785045 0.0305463 1 
2149: 0.994522 -0.0651443 0.0817799 0 0.0562895 0.992745 0.106265 0 -0.088109 -0.101079 0.990972 0 0.0442421 0.0671302 0.029092 1 
