1 0 0 0 0 1 0 0 0 0 1 0 0 0 0 1 
0.999999 -8.04771e-005 -0.00105725 0 8.00563e-005 1 -0.000398041 0 0.00105728 0.000397957 0.999999 0 -0.000608401 0.000359968 0.000732196 1 
0.999999 -0.000339633 -0.00145024 0 0.000338971 1 -0.000457049 0 0.00145039 0.000456557 0.999999 0 -0.00082733 0.000696548 0.00106823 1 
0.999999 -0.000477391 -0.00166175 0 0.000476332 1 -0.000637942 0 0.00166206 0.00063715 0.999999 0 -0.000818458 0.000916901 0.00115496 1 
0.999998 -0.000306802 -0.00192457 0 0.000306183 1 -0.000321841 0 0.00192467 0.000321252 0.999998 0 -0.000928132 0.00163831 0.00122907 1 
0.999998 -0.000351947 -0.00206248 0 0.000350762 1 -0.000574795 0 0.00206268 0.00057407 0.999998 0 -0.00089814 0.00167384 0.00124019 1 
0.99996 -0.00445432 -0.00780592 0 0.00440952 0.999974 -0.00574684 0 0.00783131 0.00571219 0.999953 0 -0.0142597 -0.0049193 0.0119833 1 
0.999952 -0.00557126 -0.00802583 0 0.00551357 0.999959 -0.00719284 0 0.00806557 0.00714824 0.999942 0 -0.0148263 -0.00668485 0.0126587 1 
0.999951 -0.00547753 -0.00823194 0 0.00542009 0.999961 -0.00698417 0 0.00826987 0.0069392 0.999942 0 -0.0151065 -0.00647953 0.0128768 1 
0.999949 -0.00566975 -0.00837797 0 0.00561382 0.999962 -0.00668427 0 0.00841555 0.00663689 0.999943 0 -0.0152662 -0.00514672 0.012884 1 
0.999948 -0.00557313 -0.00855361 0 0.00551446 0.999961 -0.00686817 0 0.00859156 0.00682064 0.99994 0 -0.0153908 -0.00530925 0.0128995 1 
0.999947 -0.00557638 -0.00868139 0 0.00551998 0.999964 -0.00650658 0 0.00871735 0.00645831 0.999941 0 -0.0155572 -0.00460847 0.0129852 1 
0.999946 -0.00548278 -0.0088427 0 0.00542642 0.999965 -0.00638499 0 0.0088774 0.00633666 0.999941 0 -0.0154518 -0.00433549 0.0127587 1 
0.999946 -0.00552621 -0.0088582 0 0.00546895 0.999964 -0.00647571 0 0.00889367 0.00642691 0.99994 0 -0.0154303 -0.00424271 0.0127506 1 
0.999944 -0.00557933 -0.00903518 0 0.00551974 0.999963 -0.00660686 0 0.0090717 0.00655662 0.999938 0 -0.0156668 -0.0043261 0.0129169 1 
0.99998 -0.0029555 -0.00566562 0 0.00294051 0.999992 -0.00265257 0 0.00567341 0.00263585 0.999981 0 -0.00906596 0.000736766 0.0068736 1 
0.999977 -0.00322148 -0.00600951 0 0.00320337 0.99999 -0.00302082 0 0.00601918 0.0030015 0.999978 0 -0.00933239 4.78696e-005 0.00687663 1 
0.999976 -0.00340835 -0.00603136 0 0.00339012 0.99999 -0.00303128 0 0.00604162 0.00301076 0.999977 0 -0.00930231 0.000401057 0.00684039 1 
0.999975 -0.00337187 -0.00618655 0 0.0033528 0.99999 -0.0030902 0 0.00619691 0.00306938 0.999976 0 -0.00945977 0.000411438 0.00694438 1 
0.999975 -0.00347671 -0.00623306 0 0.0034576 0.999989 -0.00307476 0 0.00624369 0.00305313 0.999976 0 -0.00967744 0.000488786 0.00723611 1 
0.999973 -0.00358449 -0.0064757 0 0.0035636 0.999989 -0.00323578 0 0.00648722 0.00321261 0.999974 0 -0.00991728 0.00033593 0.0074003 1 
0.999972 -0.00351924 -0.0066329 0 0.00349899 0.999989 -0.00306219 0 0.0066436 0.0030389 0.999974 0 -0.0101865 0.000773077 0.00757488 1 
0.999958 -0.00248438 -0.00884178 0 0.00248808 0.999997 0.000407652 0 0.00884074 -0.000429635 0.999961 0 -0.0155222 0.00831336 0.0114324 1 
0.999911 -0.00632262 -0.0117709 0 0.00626418 0.999968 -0.00499494 0 0.0118021 0.00492076 0.999919 0 -0.0224636 -0.00020196 0.0170228 1 
0.999911 -0.00632262 -0.0117709 0 0.00626418 0.999968 -0.00499494 0 0.0118021 0.00492076 0.999919 0 -0.0224636 -0.00020196 0.0170228 1 
0.999905 -0.00693725 -0.0119436 0 0.00686931 0.99996 -0.00572012 0 0.0119828 0.00563753 0.999913 0 -0.0228212 -0.000889103 0.017701 1 
0.999899 -0.00752259 -0.0121114 0 0.00744416 0.999951 -0.0065082 0 0.0121598 0.00641737 0.999906 0 -0.0230411 -0.00193282 0.0178774 1 
0.999898 -0.0075626 -0.0121044 0 0.00748325 0.999951 -0.00658727 0 0.0121537 0.00649602 0.999905 0 -0.0232326 -0.00185974 0.0181835 1 
0.999897 -0.00763129 -0.012188 0 0.0075504 0.99995 -0.0066696 0 0.0122383 0.00657688 0.999904 0 -0.0233356 -0.00195719 0.0182388 1 
0.999899 -0.00736722 -0.0121707 0 0.00729188 0.999954 -0.00622333 0 0.012216 0.00613395 0.999907 0 -0.0231487 -0.00115469 0.0180236 1 
0.999896 -0.00762308 -0.0122762 0 0.00754437 0.999951 -0.00644535 0 0.0123247 0.00635206 0.999904 0 -0.0233029 -0.00148136 0.0181422 1 
0.999896 -0.00762308 -0.0122762 0 0.00754437 0.999951 -0.00644535 0 0.0123247 0.00635206 0.999904 0 -0.0233029 -0.00148136 0.0181422 1 
0.999896 -0.0074124 -0.0123741 0 0.00733737 0.999955 -0.00609763 0 0.0124187 0.0060062 0.999905 0 -0.023474 -0.000972429 0.0183111 1 
0.999899 -0.00710266 -0.0123243 0 0.00703262 0.999959 -0.0057171 0 0.0123644 0.00562985 0.999908 0 -0.0232206 -0.000150015 0.0179814 1 
0.999894 -0.00749782 -0.0125174 0 0.00742081 0.999954 -0.0061879 0 0.0125632 0.00609435 0.999903 0 -0.0234308 -0.00109788 0.0181324 1 
0.999895 -0.00748177 -0.0124665 0 0.0074038 0.999953 -0.00628911 0 0.012513 0.00619615 0.999903 0 -0.0233467 -0.000825181 0.0180561 1 
0.999895 -0.00734113 -0.0125492 0 0.00726363 0.999955 -0.0062109 0 0.0125942 0.00611909 0.999902 0 -0.0235025 -0.000954299 0.0182379 1 
0.999917 -0.00598752 -0.0114078 0 0.00592869 0.999969 -0.00518366 0 0.0114385 0.0051156 0.999922 0 -0.0196552 0.000313901 0.0150872 1 
0.999921 -0.00570745 -0.011201 0 0.00565216 0.999972 -0.00496223 0 0.011229 0.00489853 0.999925 0 -0.0193114 0.000770675 0.014865 1 
0.999919 -0.00586747 -0.01134 0 0.00581288 0.999972 -0.00484066 0 0.0113681 0.00477435 0.999924 0 -0.0193556 0.000905015 0.0148293 1 
0.999919 -0.00584415 -0.0113579 0 0.00578991 0.999972 -0.00480337 0 0.0113856 0.00473722 0.999924 0 -0.0193554 0.000895188 0.01483 1 
0.999919 -0.0058703 -0.0113388 0 0.00581402 0.999971 -0.00499038 0 0.0113678 0.00492405 0.999924 0 -0.0192747 0.000781125 0.0147773 1 
0.999918 -0.00595891 -0.0113518 0 0.00590317 0.999971 -0.00493767 0 0.0113809 0.00487025 0.999924 0 -0.019314 0.00126135 0.014828 1 
0.999918 -0.00590262 -0.0114105 0 0.00584563 0.999971 -0.00502193 0 0.0114398 0.00495481 0.999923 0 -0.0192605 0.000934323 0.0147064 1 
0.999919 -0.00587622 -0.0112884 0 0.00582018 0.999971 -0.00499056 0 0.0113174 0.00492446 0.999924 0 -0.0191107 0.00105213 0.0146742 1 
0.999921 -0.00584967 -0.0111893 0 0.00579484 0.999971 -0.00492637 0 0.0112178 0.00486114 0.999926 0 -0.0189432 0.00116923 0.0145605 1 
0.999919 -0.00596085 -0.0112864 0 0.00590584 0.999971 -0.00490143 0 0.0113153 0.00483438 0.999925 0 -0.0191082 0.00102516 0.0147559 1 
0.999917 -0.00614498 -0.011337 0 0.00608794 0.999969 -0.00505949 0 0.0113677 0.00499005 0.999924 0 -0.0191115 0.00100772 0.014691 1 
0.999918 -0.00592253 -0.0113634 0 0.00586786 0.999971 -0.00483836 0 0.0113917 0.00477129 0.999924 0 -0.0189833 0.00122971 0.014533 1 
0.999918 -0.0058123 -0.0114532 0 0.00576022 0.999973 -0.00457513 0 0.0114795 0.00450878 0.999925 0 -0.0190214 0.00151975 0.014521 1 
0.999917 -0.00596065 -0.0114562 0 0.00590292 0.99997 -0.00506667 0 0.011486 0.00499862 0.999922 0 -0.0190859 0.00103351 0.0146059 1 
0.999918 -0.00594251 -0.0113856 0 0.00588617 0.999971 -0.00497595 0 0.0114149 0.00490852 0.999923 0 -0.018932 0.00109168 0.0145328 1 
0.99992 -0.00575492 -0.011317 0 0.00570159 0.999973 -0.00473855 0 0.0113439 0.00467364 0.999925 0 -0.0188277 0.00163684 0.0144839 1 
0.999919 -0.00594723 -0.0112663 0 0.00589254 0.999971 -0.00488144 0 0.011295 0.00481465 0.999925 0 -0.0187835 0.00144222 0.0145202 1 
0.999917 -0.00600694 -0.0114626 0 0.00595065 0.999971 -0.00493874 0 0.0114919 0.00487012 0.999923 0 -0.0189372 0.00115598 0.0145662 1 
0.999918 -0.00601818 -0.0113463 0 0.00596361 0.999971 -0.00483758 0 0.0113751 0.00476951 0.999925 0 -0.0187344 0.0013866 0.0144575 1 
0.999918 -0.00596272 -0.0113948 0 0.0059089 0.999972 -0.00475126 0 0.0114228 0.00468354 0.999925 0 -0.0187428 0.00138543 0.0144514 1 
0.99992 -0.00591147 -0.0112568 0 0.00585587 0.999971 -0.0049659 0 0.0112858 0.00489958 0.999925 0 -0.018518 0.00126742 0.0143037 1 
0.999919 -0.00587851 -0.0113408 0 0.00582346 0.999972 -0.00488091 0 0.0113691 0.00481447 0.999925 0 -0.0185834 0.00141359 0.0143056 1 
0.999921 -0.00562126 -0.0113279 0 0.00557168 0.999975 -0.00440358 0 0.0113524 0.00434012 0.999927 0 -0.018394 0.00192161 0.0140963 1 
0.999918 -0.00600717 -0.0113229 0 0.00595255 0.999971 -0.00485098 0 0.0113518 0.00478318 0.999925 0 -0.0183855 0.00152149 0.0140908 1 
0.999953 -0.00528577 -0.00816827 0 0.00524413 0.999974 -0.00511098 0 0.00819507 0.0050679 0.999954 0 -0.0128617 1.3633e-005 0.0113731 1 
0.999952 -0.0054742 -0.00819003 0 0.00543047 0.999972 -0.00535143 0 0.00821909 0.0053067 0.999953 0 -0.0129155 -0.000351472 0.0114449 1 
0.999952 -0.00553908 -0.00819263 0 0.00549432 0.99997 -0.00547532 0 0.00822272 0.00543004 0.999952 0 -0.0128088 -0.00029152 0.0113373 1 
0.999952 -0.00552707 -0.00812052 0 0.0054824 0.99997 -0.0055132 0 0.00815075 0.00546842 0.999953 0 -0.0128449 -0.000240776 0.0114722 1 
0.999953 -0.00549692 -0.00811416 0 0.00545228 0.999971 -0.00551325 0 0.00814422 0.00546875 0.999953 0 -0.0126474 -0.000203218 0.0112155 1 
0.999953 -0.00542801 -0.00815907 0 0.00538312 0.999971 -0.00551363 0 0.00818876 0.00546945 0.999952 0 -0.0127321 -0.000181965 0.0113164 1 
0.999953 -0.0053668 -0.00811492 0 0.00532301 0.999972 -0.00540757 0 0.00814371 0.00536412 0.999953 0 -0.0124606 -0.000230069 0.011062 1 
0.999953 -0.0053668 -0.00811492 0 0.00532301 0.999972 -0.00540757 0 0.00814371 0.00536412 0.999953 0 -0.0124606 -0.000230069 0.011062 1 
0.999954 -0.00543918 -0.00798701 0 0.00539607 0.999971 -0.00540953 0 0.00801621 0.00536618 0.999954 0 -0.0123829 -0.000231663 0.011068 1 
0.999953 -0.00554162 -0.00808342 0 0.00549523 0.999969 -0.0057504 0 0.00811503 0.00570571 0.999952 0 -0.0124017 -0.000716072 0.011008 1 
0.999954 -0.00544614 -0.00798226 0 0.00540207 0.999971 -0.00553136 0 0.00801215 0.00548799 0.999954 0 -0.012299 -0.00021719 0.0109496 1 
0.999955 -0.0053692 -0.00793968 0 0.00532558 0.999971 -0.0055038 0 0.007969 0.00546126 0.999954 0 -0.0122012 -0.000240232 0.0109253 1 
0.999955 -0.00529382 -0.00798856 0 0.00524966 0.999972 -0.00553896 0 0.00801765 0.00549677 0.999954 0 -0.0123224 -0.000250168 0.0110429 1 
0.999954 -0.00537138 -0.00806274 0 0.00532936 0.999973 -0.00522495 0 0.00809058 0.00518174 0.999955 0 -0.0123364 0.000374258 0.0109243 1 
0.999955 -0.00538296 -0.00796239 0 0.00533886 0.999971 -0.00554843 0 0.00799202 0.00550567 0.999954 0 -0.0122545 -0.000176814 0.0109664 1 
0.999953 -0.0055295 -0.00800612 0 0.0054856 0.999971 -0.00549393 0 0.00803626 0.00544975 0.999954 0 -0.0121507 -0.000149808 0.0107906 1 
0.999954 -0.00542689 -0.00802337 0 0.0053845 0.999972 -0.00529566 0 0.00805188 0.00525221 0.999955 0 -0.0121487 7.69177e-005 0.0107941 1 
0.999953 -0.00575958 -0.00795737 0 0.00571428 0.999968 -0.00570474 0 0.00798997 0.005659 0.999953 0 -0.0120838 -0.00042197 0.0107844 1 
0.999954 -0.00544144 -0.00797241 0 0.00539786 0.999971 -0.00547799 0 0.00800199 0.0054347 0.999954 0 -0.0120778 1.15631e-005 0.0107688 1 
0.999955 -0.00540485 -0.00789772 0 0.00536208 0.999972 -0.00542566 0 0.00792682 0.00538306 0.999955 0 -0.0119166 5.82109e-005 0.0106654 1 
0.999955 -0.0054731 -0.00787957 0 0.00542754 0.999969 -0.00579137 0 0.00791102 0.00574834 0.999953 0 -0.0118972 -0.000318709 0.0106702 1 
0.999954 -0.0053386 -0.0080137 0 0.00529597 0.999973 -0.00533181 0 0.00804194 0.00528912 0.999955 0 -0.0120207 0.00019249 0.010687 1 
0.999954 -0.0053386 -0.0080137 0 0.00529597 0.999973 -0.00533181 0 0.00804194 0.00528912 0.999955 0 -0.0120207 0.00019249 0.010687 1 
0.999954 -0.0053386 -0.0080137 0 0.00529597 0.999973 -0.00533181 0 0.00804194 0.00528912 0.999955 0 -0.0120207 0.00019249 0.010687 1 
0.999954 -0.0053386 -0.0080137 0 0.00529597 0.999973 -0.00533181 0 0.00804194 0.00528912 0.999955 0 -0.0120207 0.00019249 0.010687 1 
0.999954 -0.0053386 -0.0080137 0 0.00529597 0.999973 -0.00533181 0 0.00804194 0.00528912 0.999955 0 -0.0120207 0.00019249 0.010687 1 
0.999954 -0.0053386 -0.0080137 0 0.00529597 0.999973 -0.00533181 0 0.00804194 0.00528912 0.999955 0 -0.0120207 0.00019249 0.010687 1 
0.999954 -0.0053386 -0.0080137 0 0.00529597 0.999973 -0.00533181 0 0.00804194 0.00528912 0.999955 0 -0.0120207 0.00019249 0.010687 1 
0.999954 -0.0053386 -0.0080137 0 0.00529597 0.999973 -0.00533181 0 0.00804194 0.00528912 0.999955 0 -0.0120207 0.00019249 0.010687 1 
0.999954 -0.0053386 -0.0080137 0 0.00529597 0.999973 -0.00533181 0 0.00804194 0.00528912 0.999955 0 -0.0120207 0.00019249 0.010687 1 
0.999954 -0.0053386 -0.0080137 0 0.00529597 0.999973 -0.00533181 0 0.00804194 0.00528912 0.999955 0 -0.0120207 0.00019249 0.010687 1 
0.999954 -0.0053386 -0.0080137 0 0.00529597 0.999973 -0.00533181 0 0.00804194 0.00528912 0.999955 0 -0.0120207 0.00019249 0.010687 1 
0.999974 -0.00315795 -0.00656674 0 0.00314204 0.999993 -0.00243237 0 0.00657437 0.00241167 0.999976 0 -0.00738536 0.00493699 0.00664804 1 
0.999976 -0.0026496 -0.00658501 0 0.00263667 0.999995 -0.0019712 0 0.0065902 0.00195379 0.999977 0 -0.00719096 0.00524328 0.00649304 1 
0.999975 -0.00275399 -0.00665588 0 0.00274128 0.999995 -0.00191799 0 0.00666113 0.0018997 0.999977 0 -0.0072135 0.00514833 0.00644449 1 
0.999975 -0.00278156 -0.00669463 0 0.0027685 0.999995 -0.00196076 0 0.00670005 0.00194218 0.999977 0 -0.00701223 0.0048841 0.00610829 1 
0.999974 -0.00288833 -0.00672619 0 0.0028751 0.999995 -0.00197498 0 0.00673186 0.00195559 0.999976 0 -0.00717791 0.00508105 0.00629659 1 
0.999974 -0.00277943 -0.00671775 0 0.002767 0.999995 -0.00185874 0 0.00672288 0.0018401 0.999977 0 -0.00700356 0.00527498 0.00607243 1 
0.999975 -0.00261977 -0.0067217 0 0.0026075 0.999996 -0.00183258 0 0.00672647 0.001815 0.999977 0 -0.00706665 0.00522412 0.00626241 1 
0.999994 -0.00207144 -0.00310691 0 0.00206802 0.999998 -0.00110126 0 0.00310918 0.00109483 0.999995 0 -0.00218445 0.00484707 0.00337157 1 
0.999994 -0.00207144 -0.00310691 0 0.00206802 0.999998 -0.00110126 0 0.00310918 0.00109483 0.999995 0 -0.00218445 0.00484707 0.00337157 1 
0.999994 -0.00207144 -0.00310691 0 0.00206802 0.999998 -0.00110126 0 0.00310918 0.00109483 0.999995 0 -0.00218445 0.00484707 0.00337157 1 
0.999994 -0.00207144 -0.00310691 0 0.00206802 0.999998 -0.00110126 0 0.00310918 0.00109483 0.999995 0 -0.00218445 0.00484707 0.00337157 1 
0.999994 -0.00207144 -0.00310691 0 0.00206802 0.999998 -0.00110126 0 0.00310918 0.00109483 0.999995 0 -0.00218445 0.00484707 0.00337157 1 
0.999994 -0.00207144 -0.00310691 0 0.00206802 0.999998 -0.00110126 0 0.00310918 0.00109483 0.999995 0 -0.00218445 0.00484707 0.00337157 1 
0.999994 -0.00207144 -0.00310691 0 0.00206802 0.999998 -0.00110126 0 0.00310918 0.00109483 0.999995 0 -0.00218445 0.00484707 0.00337157 1 
0.999994 -0.00207144 -0.00310691 0 0.00206802 0.999998 -0.00110126 0 0.00310918 0.00109483 0.999995 0 -0.00218445 0.00484707 0.00337157 1 
0.999994 -0.00207144 -0.00310691 0 0.00206802 0.999998 -0.00110126 0 0.00310918 0.00109483 0.999995 0 -0.00218445 0.00484707 0.00337157 1 
0.999994 -0.00207144 -0.00310691 0 0.00206802 0.999998 -0.00110126 0 0.00310918 0.00109483 0.999995 0 -0.00218445 0.00484707 0.00337157 1 
0.999994 -0.00207144 -0.00310691 0 0.00206802 0.999998 -0.00110126 0 0.00310918 0.00109483 0.999995 0 -0.00218445 0.00484707 0.00337157 1 
0.999994 -0.00207144 -0.00310691 0 0.00206802 0.999998 -0.00110126 0 0.00310918 0.00109483 0.999995 0 -0.00218445 0.00484707 0.00337157 1 
0.999994 -0.00207144 -0.00310691 0 0.00206802 0.999998 -0.00110126 0 0.00310918 0.00109483 0.999995 0 -0.00218445 0.00484707 0.00337157 1 
0.999994 -0.00207144 -0.00310691 0 0.00206802 0.999998 -0.00110126 0 0.00310918 0.00109483 0.999995 0 -0.00218445 0.00484707 0.00337157 1 
0.999994 -0.00207144 -0.00310691 0 0.00206802 0.999998 -0.00110126 0 0.00310918 0.00109483 0.999995 0 -0.00218445 0.00484707 0.00337157 1 
1 0 0 0 0 1 0 0 0 0 1 0 0 0 0 1 
1 -0.000263293 -0.000692858 0 0.00026315 1 -0.000206504 0 0.000692913 0.000206321 1 0 0.000233885 0.000759854 0.000181895 1 
1 -6.87961e-005 -0.000933685 0 6.86633e-005 1 -0.000142258 0 0.000933695 0.000142193 1 0 0.000617533 0.00149269 -1.94336e-005 1 
0.999999 1.72125e-005 -0.00106364 0 -1.75826e-005 1 -0.000347936 0 0.00106364 0.000347955 0.999999 0 0.000740669 0.00150956 6.79379e-005 1 
0.999999 -0.000184435 -0.00128291 0 0.00018396 1 -0.000370448 0 0.00128298 0.000370211 0.999999 0 0.000718752 0.00175224 0.000111216 1 
0.999999 -0.000176056 -0.0012526 0 0.000175697 1 -0.000287044 0 0.00125265 0.000286824 0.999999 0 0.00102228 0.00221398 -5.63077e-005 1 
0.999999 -3.29675e-005 -0.00135175 0 3.27079e-005 1 -0.000192061 0 0.00135175 0.000192017 0.999999 0 0.00116787 0.00244818 -0.0001911 1 
0.999999 0.000185886 -0.0014474 0 -0.000186074 1 -0.000129256 0 0.00144738 0.000129525 0.999999 0 0.00115676 0.0028615 -9.29021e-005 1 
0.999999 -5.2816e-005 -0.00146295 0 5.25114e-005 1 -0.000208292 0 0.00146296 0.000208215 0.999999 0 0.00126176 0.00272247 -0.000115898 1 
0.999999 0.000228379 -0.0014697 0 -0.000228374 1 2.93856e-006 0 0.0014697 -2.60294e-006 0.999999 0 0.00141989 0.00337919 -0.000228633 1 
0.999999 1.60809e-005 -0.0015772 0 -1.62847e-005 1 -0.000129211 0 0.00157719 0.000129237 0.999999 0 0.00133287 0.00319944 -0.000140817 1 
0.999999 -6.44748e-005 -0.00121968 0 6.41383e-005 1 -0.000275985 0 0.0012197 0.000275906 0.999999 0 0.00224563 0.00276125 -0.000646335 1 
0.999999 -5.18507e-005 -0.00120045 0 5.15634e-005 1 -0.00023939 0 0.00120046 0.000239327 0.999999 0 0.00241827 0.00301062 -0.00076003 1 
0.999999 -0.00018722 -0.00130377 0 0.000187008 1 -0.000162447 0 0.0013038 0.000162203 0.999999 0 0.00235666 0.00314385 -0.000688651 1 
0.999999 -0.000258054 -0.00119628 0 0.000257542 1 -0.000428649 0 0.00119639 0.00042834 0.999999 0 0.00254171 0.00318857 -0.000769006 1 
0.999999 0.000123512 -0.00129193 0 -0.000123499 1 1.00918e-005 0 0.00129194 -9.93221e-006 0.999999 0 0.00256685 0.00372546 -0.000854595 1 
0.999999 -0.000160812 -0.00132075 0 0.000160322 1 -0.000371093 0 0.00132081 0.000370881 0.999999 0 0.00258502 0.00317121 -0.000817285 1 
0.999999 -0.000400206 -0.00135976 0 0.000399417 1 -0.000580071 0 0.00136 0.000579527 0.999999 0 0.00263352 0.00309263 -0.000862398 1 
0.999999 -0.000143082 -0.00132989 0 0.000142517 1 -0.000425245 0 0.00132995 0.000425055 0.999999 0 0.00275902 0.00325323 -0.000902509 1 
0.999999 -0.000232974 -0.00131417 0 0.000232609 1 -0.000277888 0 0.00131424 0.000277582 0.999999 0 0.0027763 0.00369372 -0.000884241 1 
0.999999 -8.5645e-005 -0.00145699 0 8.54265e-005 1 -0.000150032 0 0.001457 0.000149907 0.999999 0 0.00277529 0.00391019 -0.000965485 1 
0.999999 3.21104e-005 -0.00138192 0 -3.24773e-005 1 -0.000265486 0 0.00138191 0.000265531 0.999999 0 0.00286623 0.0036651 -0.000922284 1 
0.999999 -6.54852e-005 -0.00136312 0 6.52078e-005 1 -0.000203547 0 0.00136314 0.000203458 0.999999 0 0.0030554 0.00382186 -0.00111884 1 
0.999999 -3.7005e-005 -0.00139197 0 3.68433e-005 1 -0.000116201 0 0.00139198 0.00011615 0.999999 0 0.00299284 0.00398327 -0.00102589 1 
0.999999 -6.16259e-005 -0.00141229 0 6.13717e-005 1 -0.000180066 0 0.00141231 0.00017998 0.999999 0 0.00301746 0.0040499 -0.00105306 1 
0.999999 0.000101756 -0.00141565 0 -0.000101952 1 -0.000138211 0 0.00141563 0.000138355 0.999999 0 0.00303547 0.00416553 -0.00104184 1 
0.999999 -0.000218567 -0.00153915 0 0.000218119 1 -0.000291615 0 0.00153922 0.000291279 0.999999 0 0.00297927 0.00393715 -0.00105404 1 
0.999999 -0.000116707 -0.00147896 0 0.000116171 1 -0.000362817 0 0.001479 0.000362644 0.999999 0 0.00296913 0.00380329 -0.000968332 1 
0.999999 -5.59772e-005 -0.00152344 0 5.5675e-005 1 -0.000198424 0 0.00152345 0.000198339 0.999999 0 0.00304054 0.00418977 -0.00110781 1 
0.999999 -0.000233042 -0.00160041 0 0.00023241 1 -0.000394822 0 0.00160051 0.00039445 0.999999 0 0.00301921 0.00391963 -0.00105571 1 
0.999999 -0.000207092 -0.00159734 0 0.000206361 1 -0.000457788 0 0.00159744 0.000457457 0.999999 0 0.00309995 0.00379197 -0.00105922 1 
0.999999 -0.000267742 -0.00158008 0 0.00026733 1 -0.00026074 0 0.00158015 0.000260317 0.999999 0 0.0031739 0.00422549 -0.0011359 1 
0.999999 -0.000134637 -0.00162166 0 0.000134272 1 -0.000225558 0 0.00162169 0.00022534 0.999999 0 0.00319566 0.00426282 -0.00117991 1 
0.999999 -0.000132453 -0.00157931 0 0.00013182 1 -0.000400617 0 0.00157937 0.000400408 0.999999 0 0.00324055 0.00408035 -0.00117204 1 
0.999999 0.000392807 -0.00146366 0 -0.000392598 1 0.000142729 0 0.00146372 -0.000142155 0.999999 0 0.00383433 0.00487927 -0.00164186 1 
0.999999 0.000474573 -0.00142525 0 -0.000474375 1 0.000139935 0 0.00142532 -0.000139259 0.999999 0 0.00393747 0.00500022 -0.00173337 1 
0.999999 0.000295492 -0.00136047 0 -0.000295435 1 4.20778e-005 0 0.00136049 -4.16758e-005 0.999999 0 0.00398536 0.00479242 -0.001655 1 
0.999999 0.000252144 -0.00142758 0 -0.000252234 1 -6.28228e-005 0 0.00142756 6.31829e-005 0.999999 0 0.00397418 0.00483684 -0.00170784 1 
0.999999 0.000155659 -0.00142099 0 -0.00015598 1 -0.000225548 0 0.00142095 0.000225769 0.999999 0 0.00403346 0.00474617 -0.00177325 1 
0.999999 0.000155659 -0.00142099 0 -0.00015598 1 -0.000225548 0 0.00142095 0.000225769 0.999999 0 0.00403346 0.00474617 -0.00177325 1 
0.999999 0.00033114 -0.00149682 0 -0.000331071 1 4.62045e-005 0 0.00149684 -4.57088e-005 0.999999 0 0.00404204 0.00497648 -0.00174841 1 
0.999999 0.000484862 -0.00139693 0 -0.000484713 1 0.000106746 0 0.00139699 -0.000106068 0.999999 0 0.0041612 0.00499451 -0.00176519 1 
0.999999 0.000242388 -0.00150028 0 -0.00024245 1 -4.0772e-005 0 0.00150027 4.11358e-005 0.999999 0 0.00412493 0.00489501 -0.00177276 1 
0.999999 0.000354196 -0.00146974 0 -0.000353863 1 0.00022713 0 0.00146982 -0.000226609 0.999999 0 0.00408928 0.00516791 -0.00168839 1 
0.999999 0.000506614 -0.00162221 0 -0.000506427 1 0.000115777 0 0.00162227 -0.000114955 0.999999 0 0.00404156 0.00517969 -0.00175515 1 
0.999999 0.000337844 -0.00142371 0 -0.000337764 1 5.70529e-005 0 0.00142373 -5.65719e-005 0.999999 0 0.00424919 0.0051199 -0.00179409 1 
0.999999 0.000306998 -0.00151982 0 -0.000307034 1 -2.3429e-005 0 0.00151981 2.38957e-005 0.999999 0 0.00416712 0.00514881 -0.00176675 1 
0.999999 0.000344034 -0.00148213 0 -0.000344107 1 -4.91238e-005 0 0.00148212 4.96339e-005 0.999999 0 0.00431712 0.00489668 -0.00185995 1 
0.999999 0.000513543 -0.00144483 0 -0.000513293 1 0.000173048 0 0.00144492 -0.000172306 0.999999 0 0.00424158 0.00551984 -0.00173336 1 
0.999999 0.00043667 -0.00144292 0 -0.000436406 1 0.000182661 0 0.001443 -0.000182031 0.999999 0 0.00439734 0.00537017 -0.00188435 1 
0.999999 0.000301966 -0.00159635 0 -0.000301903 1 3.97783e-005 0 0.00159636 -3.92962e-005 0.999999 0 0.00424639 0.00525268 -0.0018515 1 
0.999999 0.000291874 -0.00147972 0 -0.000291957 1 -5.59799e-005 0 0.0014797 5.64119e-005 0.999999 0 0.00432116 0.00518519 -0.00185667 1 
0.999999 0.000282394 -0.00160274 0 -0.000282185 1 0.000130204 0 0.00160277 -0.000129751 0.999999 0 0.00421273 0.00531232 -0.00178698 1 
0.999999 0.000330223 -0.00151471 0 -0.000330065 1 0.000104538 0 0.00151475 -0.000104038 0.999999 0 0.00442509 0.00550809 -0.00198434 1 
0.999999 0.000330223 -0.00151471 0 -0.000330065 1 0.000104538 0 0.00151475 -0.000104038 0.999999 0 0.00442509 0.00550809 -0.00198434 1 
0.999999 0.000484954 -0.00151371 0 -0.000484722 1 0.000153773 0 0.00151378 -0.000153039 0.999999 0 0.00437881 0.00552904 -0.00189613 1 
0.999999 0.000218272 -0.00151286 0 -0.000218509 1 -0.000156659 0 0.00151283 0.00015699 0.999999 0 0.00440738 0.00516987 -0.00190051 1 
0.999999 0.000258799 -0.00151154 0 -0.000258789 1 6.27642e-006 0 0.00151154 -5.88511e-006 0.999999 0 0.00440481 0.00536249 -0.00186905 1 
0.999999 0.000241488 -0.00150167 0 -0.000241527 1 -2.59088e-005 0 0.00150167 2.62716e-005 0.999999 0 0.00445895 0.00531789 -0.00191392 1 
0.999999 0.000429146 -0.00136196 0 -0.000429124 1 1.6683e-005 0 0.00136196 -1.60984e-005 1 0 0.00482893 0.00551414 -0.00214812 1 
1 0.000350165 -0.00130573 0 -0.000350411 1 -0.000188399 0 0.00130567 0.000188857 1 0 0.00497073 0.00509888 -0.00223946 1 
0.999999 0.0004025 -0.00137513 0 -0.000402533 1 -2.41563e-005 0 0.00137512 2.47099e-005 1 0 0.00481829 0.00547049 -0.00214303 1 
0.999999 0.000464802 -0.00141267 0 -0.000464694 1 7.67237e-005 0 0.0014127 -7.6067e-005 0.999999 0 0.00485452 0.00557168 -0.00222874 1 
1 0.000303859 -0.00135065 0 -0.000303786 1 5.43647e-005 0 0.00135067 -5.39542e-005 1 0 0.00501423 0.00541752 -0.00230736 1 
0.999999 0.000439328 -0.00141738 0 -0.000439316 1 8.81004e-006 0 0.00141739 -8.18724e-006 0.999999 0 0.00495048 0.00541119 -0.00226128 1 
0.999999 0.000341467 -0.00139196 0 -0.000341665 1 -0.000141799 0 0.00139191 0.000142275 1 0 0.00494692 0.00528121 -0.00222673 1 
1 0.000420915 -0.00131617 0 -0.000421213 1 -0.000225841 0 0.00131607 0.000226396 1 0 0.00506043 0.00501705 -0.00227448 1 
0.999999 0.000665704 -0.0014166 0 -0.000665457 1 0.000174954 0 0.00141672 -0.00017401 1 0 0.00489223 0.0057818 -0.0021659 1 
0.999999 0.000407892 -0.00145234 0 -0.000407857 1 2.41316e-005 0 0.00145235 -2.35391e-005 1 0 0.00500065 0.00553831 -0.00230757 1 
0.999999 0.000394486 -0.0014763 0 -0.000394494 1 -4.68748e-006 0 0.0014763 5.26996e-006 0.999999 0 0.00490459 0.00535486 -0.00221584 1 
0.999999 0.000398707 -0.00140379 0 -0.000399029 1 -0.000228696 0 0.0014037 0.000229256 1 0 0.00508234 0.00504504 -0.00231945 1 
0.999999 0.000384931 -0.00147816 0 -0.000384819 1 7.59554e-005 0 0.00147819 -7.53863e-005 0.999999 0 0.00489826 0.00570228 -0.00217245 1 
0.999999 0.000511514 -0.00133208 0 -0.000511627 1 -8.50373e-005 0 0.00133204 8.57188e-005 1 0 0.00520584 0.00534181 -0.00238694 1 
0.999999 0.000511452 -0.00134874 0 -0.000511394 1 4.35489e-005 0 0.00134876 -4.2859e-005 1 0 0.00515003 0.00560505 -0.00230391 1 
0.999999 0.000476962 -0.00133843 0 -0.000476987 1 -1.88479e-005 0 0.00133842 1.94864e-005 1 0 0.00520523 0.00534551 -0.0023209 1 
0.999999 0.000348192 -0.00150526 0 -0.000348202 1 -5.99573e-006 0 0.00150526 6.51999e-006 0.999999 0 0.00505483 0.00546727 -0.0023016 1 
0.999999 0.00020228 -0.00144314 0 -0.000202597 1 -0.000219004 0 0.0014431 0.000219296 1 0 0.00505435 0.0052575 -0.00222017 1 
0.999999 0.00020228 -0.00144314 0 -0.000202597 1 -0.000219004 0 0.0014431 0.000219296 1 0 0.00505435 0.0052575 -0.00222017 1 
0.999999 0.000478046 -0.0015171 0 -0.000477999 1 3.1531e-005 0 0.00151712 -3.08056e-005 0.999999 0 0.00504202 0.00558021 -0.0022445 1 
0.999999 0.000350202 -0.00145137 0 -0.00035015 1 3.56089e-005 0 0.00145138 -3.51006e-005 1 0 0.0051452 0.00570953 -0.00229529 1 
0.999999 0.000328017 -0.00147461 0 -0.000328321 1 -0.000205619 0 0.00147455 0.000206103 1 0 0.0052599 0.00538929 -0.00246674 1 
0.999999 0.000545534 -0.00147755 0 -0.000545237 1 0.000201522 0 0.00147767 -0.000200716 1 0 0.00519214 0.00602654 -0.00242817 1 
0.999999 0.000557083 -0.00134207 0 -0.000556775 1 0.000230181 0 0.00134219 -0.000229433 1 0 0.00545709 0.00606562 -0.00260701 1 
0.999999 0.00056765 -0.0013695 0 -0.000567217 1 0.000316231 0 0.00136968 -0.000315454 1 0 0.00539233 0.00613045 -0.00255362 1 
1 0.000607909 -0.00124638 0 -0.000607653 1 0.00020606 0 0.00124651 -0.000205302 1 0 0.00561026 0.00601199 -0.00268073 1 
0.999999 0.000785703 -0.00125585 0 -0.000785173 1 0.000422916 0 0.00125618 -0.000421929 1 0 0.00561525 0.00632021 -0.00269666 1 
0.999999 0.000595754 -0.0013531 0 -0.000595409 1 0.000255887 0 0.00135325 -0.000255081 1 0 0.00547006 0.00603901 -0.00260369 1 
1 0.000703513 -0.00128151 0 -0.000703154 1 0.000280379 0 0.0012817 -0.000279478 1 0 0.00561131 0.00635495 -0.00275527 1 
0.999999 0.000831223 -0.00134579 0 -0.000830765 1 0.000341085 0 0.00134608 -0.000339966 1 0 0.00559861 0.0061826 -0.00274704 1 
1 0.000663301 -0.00128172 0 -0.000663085 1 0.0001694 0 0.00128183 -0.00016855 1 0 0.00564088 0.00619031 -0.00268309 1 
1 0.000491163 -0.00123598 0 -0.00049118 1 -1.30319e-005 0 0.00123597 1.36392e-005 1 0 0.00563989 0.00560081 -0.00257185 1 
0.999999 0.000625996 -0.00138456 0 -0.000625659 1 0.000244394 0 0.00138471 -0.000243527 1 0 0.00552765 0.00616391 -0.00260719 1 
0.999999 0.000731339 -0.00132705 0 -0.000731059 1 0.000211366 0 0.00132721 -0.000210395 1 0 0.00558383 0.00630037 -0.00262457 1 
0.999999 0.0007725 -0.00133507 0 -0.000772176 1 0.000243384 0 0.00133526 -0.000242353 1 0 0.00565115 0.00608953 -0.00266465 1 
0.999999 0.000719623 -0.00137601 0 -0.000719242 1 0.000277538 0 0.00137621 -0.000276548 1 0 0.0056001 0.00652751 -0.00268607 1 
0.999999 0.000609855 -0.00142464 0 -0.000609627 1 0.000160309 0 0.00142473 -0.00015944 1 0 0.00551983 0.0060815 -0.00259852 1 
0.999999 0.000802478 -0.0012913 0 -0.000802063 1 0.000321899 0 0.00129156 -0.000320863 1 0 0.00578617 0.00630191 -0.00277457 1 
0.999999 0.000595808 -0.00142359 0 -0.000595404 1 0.000284367 0 0.00142376 -0.000283519 1 0 0.00560493 0.00620499 -0.00270439 1 
1 0.000660604 -0.00135873 0 -0.000660167 1 0.000322234 0 0.00135895 -0.000321336 1 0 0.00562939 0.0061967 -0.00261363 1 
1 0.000774845 -0.00129523 0 -0.000774467 1 0.000292798 0 0.00129545 -0.000291795 1 0 0.00577408 0.0062594 -0.00271949 1 
0.999999 0.00092548 -0.00142669 0 -0.000924571 1 0.000638501 0 0.00142728 -0.000637181 1 0 0.00557634 0.00671926 -0.002633 1 
0.999999 0.000924819 -0.00139649 0 -0.000924186 1 0.000454049 0 0.00139691 -0.000452757 1 0 0.00571998 0.00650183 -0.00277187 1 
0.999999 0.000894407 -0.0014381 0 -0.000893784 1 0.000434705 0 0.00143849 -0.000433418 1 0 0.00563065 0.00651095 -0.00266715 1 
0.999999 0.000782524 -0.00144831 0 -0.000781926 1 0.000414195 0 0.00144863 -0.000413062 1 0 0.00564734 0.00644261 -0.00269677 1 
0.999999 0.000794945 -0.001438 0 -0.000794291 1 0.000456007 0 0.00143836 -0.000454864 1 0 0.00572775 0.00663331 -0.00277468 1 
1 0.000562413 -0.00139561 0 -0.000562248 1 0.000119097 0 0.00139568 -0.000118311 1 0 0.00582032 0.006029 -0.00285556 1 
1 0.000540144 -0.00136763 0 -0.000539849 1 0.000216064 0 0.00136774 -0.000215325 1 0 0.00574416 0.00638178 -0.00272511 1 
0.999999 0.000938198 -0.00147107 0 -0.000937431 1 0.000522456 0 0.00147156 -0.000521076 1 0 0.00586407 0.00677403 -0.00298224 1 
1 0.000691473 -0.0013484 0 -0.000690947 1 0.000390806 0 0.00134867 -0.000389874 1 0 0.00582451 0.00650393 -0.00280934 1 
0.999999 0.000754473 -0.00139484 0 -0.000753752 1 0.000517441 0 0.00139522 -0.000516388 1 0 0.00583171 0.00685796 -0.00284505 1 
0.999999 0.000756477 -0.00139824 0 -0.000756002 1 0.000341157 0 0.00139849 -0.0003401 1 0 0.00589297 0.00660456 -0.00291587 1 
0.999999 0.000811308 -0.001491 0 -0.00081035 1 0.000643063 0 0.00149152 -0.000641853 0.999999 0 0.00581299 0.00708806 -0.00288297 1 
0.999999 0.000849556 -0.00138648 0 -0.000848889 1 0.000482188 0 0.00138689 -0.00048101 1 0 0.00590047 0.00689124 -0.00285993 1 
0.999999 0.000862498 -0.00145074 0 -0.000861707 1 0.000546191 0 0.00145121 -0.000544939 1 0 0.00587674 0.00690926 -0.00295032 1 
0.999999 0.000862498 -0.00145074 0 -0.000861707 1 0.000546191 0 0.00145121 -0.000544939 1 0 0.00587674 0.00690926 -0.00295032 1 
0.999999 0.000704988 -0.00144558 0 -0.000704433 1 0.000384763 0 0.00144585 -0.000383744 1 0 0.00587697 0.00667864 -0.00287134 1 
0.999999 0.000671319 -0.00143245 0 -0.000670939 1 0.000266501 0 0.00143262 -0.000265539 1 0 0.00592364 0.0066936 -0.00291613 1 
0.999999 0.000781826 -0.00137749 0 -0.000781196 1 0.000457923 0 0.00137785 -0.000456846 1 0 0.00597773 0.00695603 -0.00290905 1 
0.999999 0.000937948 -0.00137519 0 -0.000937315 1 0.00046157 0 0.00137562 -0.00046028 1 0 0.00612434 0.00676192 -0.00306804 1 
0.999999 0.000907369 -0.0014689 0 -0.000906483 1 0.00060432 0 0.00146945 -0.000602987 1 0 0.00587289 0.00720842 -0.00290904 1 
0.999999 0.000955754 -0.00140357 0 -0.00095526 1 0.000353 0 0.0014039 -0.000351658 1 0 0.00599765 0.00666759 -0.00294144 1 
0.999999 0.000753269 -0.00142729 0 -0.000752405 1 0.000605632 0 0.00142775 -0.000604556 1 0 0.00601081 0.00697249 -0.00291528 1 
1 0.000732993 -0.00133022 0 -0.000732743 1 0.000188818 0 0.00133036 -0.000187842 1 0 0.00606489 0.00663128 -0.00290898 1 
0.999999 0.000981221 -0.00144963 0 -0.000980229 0.999999 0.000685196 0 0.0014503 -0.000683773 1 0 0.0059885 0.0072065 -0.00294291 1 
0.999999 0.000738325 -0.00137983 0 -0.00073766 1 0.000483044 0 0.00138019 -0.000482025 1 0 0.00617281 0.00688971 -0.00307217 1 
0.999999 0.000970167 -0.00143977 0 -0.000969223 1 0.000656663 0 0.0014404 -0.000655265 1 0 0.00611705 0.00725611 -0.00310249 1 
0.999999 0.00105312 -0.00144687 0 -0.00105194 0.999999 0.000816687 0 0.00144773 -0.000815163 1 0 0.00603351 0.00733126 -0.00300634 1 
0.999999 0.00111381 -0.00133468 0 -0.00111309 1 0.000535276 0 0.00133528 -0.000533789 1 0 0.00617498 0.00712744 -0.00300625 1 
0.999999 0.00114076 -0.00139128 0 -0.00113997 0.999999 0.000565359 0 0.00139193 -0.000563772 1 0 0.00613051 0.00706205 -0.00300524 1 
0.999999 0.000924033 -0.00141108 0 -0.000923504 1 0.000375875 0 0.00141142 -0.000374571 1 0 0.00612456 0.0068453 -0.00299389 1 
0.999999 0.000969554 -0.00141633 0 -0.000968969 1 0.000414062 0 0.00141673 -0.000412688 1 0 0.00614765 0.00700558 -0.00299627 1 
0.999999 0.000905696 -0.00155279 0 -0.000905452 1 0.000158195 0 0.00155293 -0.000156788 1 0 0.00598319 0.00656509 -0.00292526 1 
1 0.00090067 -0.00132476 0 -0.000900169 1 0.000378914 0 0.0013251 -0.00037772 1 0 0.00630816 0.0069623 -0.00307603 1 
0.999999 0.000949686 -0.00142306 0 -0.000948778 1 0.000639125 0 0.00142367 -0.000637773 1 0 0.00615132 0.00727945 -0.00296869 1 
1 0.000896284 -0.00138151 0 -0.000895572 1 0.000516181 0 0.00138197 -0.000514942 1 0 0.00627206 0.00710951 -0.00310217 1 
1 0.000952968 -0.00131435 0 -0.000952528 1 0.000335697 0 0.00131467 -0.000334444 1 0 0.00631368 0.00695926 -0.00306813 1 
0.999999 0.00106492 -0.00131253 0 -0.00106423 1 0.000523326 0 0.00131309 -0.000521927 1 0 0.00633753 0.00708819 -0.00310639 1 
0.999999 0.000985609 -0.00144605 0 -0.000984639 1 0.000671804 0 0.00144671 -0.000670378 1 0 0.00627471 0.00721716 -0.00312727 1 
0.999999 0.00108895 -0.00146669 0 -0.00108794 0.999999 0.000692037 0 0.00146744 -0.000690439 1 0 0.00625731 0.00734869 -0.00314982 1 
0.999999 0.000996984 -0.00147754 0 -0.000996224 1 0.000515751 0 0.00147805 -0.000514277 1 0 0.00619688 0.0070761 -0.00306153 1 
0.999999 0.000934266 -0.0015683 0 -0.000933537 1 0.000465823 0 0.00156873 -0.000464358 1 0 0.00609768 0.00679947 -0.00298041 1 
0.999999 0.000952476 -0.00141973 0 -0.000951673 1 0.000566673 0 0.00142027 -0.000565321 1 0 0.00629606 0.00714698 -0.00306632 1 
0.999999 0.000954319 -0.00141905 0 -0.000953827 1 0.000347524 0 0.00141938 -0.000346169 1 0 0.00627721 0.00678104 -0.00306031 1 
1 0.000745365 -0.00135077 0 -0.000745034 1 0.000245899 0 0.00135095 -0.000244891 1 0 0.00635943 0.00673874 -0.00305005 1 
1 0.000854705 -0.00147464 0 -0.000854023 1 0.000463508 0 0.00147503 -0.000462248 1 0 0.00628664 0.00698866 -0.00309395 1 
0.999999 0.00092882 -0.00146527 0 -0.000928018 1 0.000548818 0 0.00146578 -0.000547457 1 0 0.00625437 0.00709612 -0.00306538 1 
0.999999 0.00092882 -0.00146527 0 -0.000928018 1 0.000548818 0 0.00146578 -0.000547457 1 0 0.00625437 0.00709612 -0.00306538 1 
0.999999 0.00086581 -0.0014999 0 -0.000865081 1 0.000486703 0 0.00150032 -0.000485404 1 0 0.00628037 0.00705665 -0.00310027 1 
1 0.00085373 -0.00140223 0 -0.00085311 1 0.00044327 0 0.00140261 -0.000442072 1 0 0.00644776 0.00720903 -0.00326899 1 
0.999999 0.00111678 -0.00136875 0 -0.00111597 1 0.000594842 0 0.00136941 -0.000593313 1 0 0.0063863 0.00737523 -0.0031632 1 
0.999999 0.00092728 -0.0014628 0 -0.000926563 1 0.000491403 0 0.00146325 -0.000490047 1 0 0.00638668 0.00717855 -0.00320166 1 
0.999999 0.000846006 -0.00172746 0 -0.000845339 1 0.000387276 0 0.00172779 -0.000385814 0.999999 0 0.00616692 0.00704131 -0.00297723 1 
0.999999 0.000858962 -0.00188505 0 -0.000858321 1 0.000341502 0 0.00188534 -0.000339883 0.999999 0 0.00602912 0.00690721 -0.00291414 1 
0.999999 0.000831317 -0.00184511 0 -0.000830747 1 0.000309889 0 0.00184537 -0.000308355 0.999999 0 0.00602895 0.00679007 -0.0028587 1 
0.999999 0.0010106 -0.00157452 0 -0.00100983 1 0.000488963 0 0.00157501 -0.000487372 1 0 0.0063824 0.0070767 -0.00310048 1 
0.999999 0.000718436 -0.0016967 0 -0.000718328 1 6.48723e-005 0 0.00169674 -6.36531e-005 1 0 0.00620216 0.00666675 -0.00299122 1 
0.999999 0.000682461 -0.00166042 0 -0.000682341 1 7.32273e-005 0 0.00166047 -7.2094e-005 1 0 0.00632945 0.00691026 -0.0031172 1 
0.999999 0.000805533 -0.00176143 0 -0.000805169 1 0.000207923 0 0.0017616 -0.000206504 0.999999 0 0.00613822 0.00700507 -0.00294311 1 
0.999999 0.000928052 -0.00165743 0 -0.000927278 1 0.000468061 0 0.00165786 -0.000466522 0.999999 0 0.00636356 0.00724134 -0.00304072 1 
0.999999 0.000997259 -0.00160768 0 -0.000996613 1 0.000403206 0 0.00160808 -0.000401602 1 0 0.00641158 0.00729912 -0.00308352 1 
0.999999 0.00075982 -0.00153536 0 -0.000759344 1 0.000311439 0 0.00153559 -0.000310272 1 0 0.00647984 0.00707683 -0.0031095 1 
0.999999 0.000986063 -0.00142515 0 -0.00098522 1 0.000593203 0 0.00142573 -0.000591798 1 0 0.0066034 0.00737864 -0.00328912 1 
0.999999 0.00110242 -0.00136479 0 -0.00110163 1 0.000583237 0 0.00136543 -0.000581732 1 0 0.00664957 0.00734883 -0.00324886 1 
0.999999 0.000993842 -0.0014245 0 -0.000993172 1 0.000471628 0 0.00142497 -0.000470212 1 0 0.00656217 0.00724191 -0.00317944 1 
0.999999 0.000960511 -0.00142896 0 -0.000959908 1 0.0004229 0 0.00142937 -0.000421527 1 0 0.00650833 0.0071058 -0.00313518 1 
0.999999 0.00101643 -0.00143169 0 -0.00101526 1 0.000820759 0 0.00143252 -0.000819303 1 0 0.00662983 0.00768321 -0.0032975 1 
1 0.000918492 -0.00127911 0 -0.000917899 1 0.000465177 0 0.00127953 -0.000464002 1 0 0.00676329 0.00722649 -0.00325114 1 
1 0.00110306 -0.00129905 0 -0.00110196 0.999999 0.000842946 0 0.00129998 -0.000841512 1 0 0.00675793 0.00784765 -0.00325336 1 
1 0.00106786 -0.00111188 0 -0.00106718 1 0.000612771 0 0.00111253 -0.000611583 1 0 0.00709322 0.00745784 -0.00345004 1 
1 0.000893197 -0.00109639 0 -0.000892969 1 0.00020851 0 0.00109658 -0.00020753 1 0 0.00711802 0.00687237 -0.0034348 1 
1 0.000963856 -0.00120517 0 -0.000963416 1 0.000366201 0 0.00120552 -0.000365039 1 0 0.0070074 0.00718349 -0.00342091 1 
1 0.000836993 -0.00120014 0 -0.000836824 1 0.000141794 0 0.00120026 -0.000140789 1 0 0.00693763 0.00684055 -0.003343 1 
1 0.00107786 -0.00114631 0 -0.00107737 1 0.000425413 0 0.00114677 -0.000424178 1 0 0.00712163 0.00714157 -0.00346428 1 
1 0.000942641 -0.00125658 0 -0.000942211 1 0.000343749 0 0.0012569 -0.000342564 1 0 0.0069512 0.00705836 -0.0033879 1 
1 0.00106599 -0.00121151 0 -0.0010653 1 0.00056653 0 0.00121211 -0.000565238 1 0 0.00708217 0.00740397 -0.00350055 1 
1 0.0010882 -0.00117866 0 -0.0010877 1 0.000426811 0 0.00117912 -0.000425528 1 0 0.00717422 0.00722348 -0.0035449 1 
1 0.00100904 -0.00117385 0 -0.00100838 1 0.000560704 0 0.00117442 -0.000559519 1 0 0.0071673 0.00753084 -0.00355665 1 
1 0.0010337 -0.00118102 0 -0.00103319 1 0.00043982 0 0.00118147 -0.000438599 1 0 0.00712918 0.00725212 -0.00348486 1 
1 0.000895436 -0.00121666 0 -0.000895212 1 0.00018526 0 0.00121682 -0.00018417 1 0 0.00713725 0.00694198 -0.0035185 1 
1 0.0010181 -0.00119867 0 -0.00101768 1 0.000352485 0 0.00119903 -0.000351264 1 0 0.00715662 0.00714546 -0.00351375 1 
1 0.00103229 -0.00125931 0 -0.00103155 1 0.000586472 0 0.00125992 -0.000585172 1 0 0.00713938 0.00737774 -0.00351501 1 
1 0.0010241 -0.00126004 0 -0.00102349 1 0.000490158 0 0.00126054 -0.000488867 1 0 0.00718693 0.00745196 -0.00355646 1 
1 0.00113744 -0.00119798 0 -0.00113705 1 0.000327966 0 0.00119836 -0.000326603 1 0 0.00715152 0.00709639 -0.0034537 1 
1 0.00113744 -0.00119798 0 -0.00113705 1 0.000327966 0 0.00119836 -0.000326603 1 0 0.00715152 0.00709639 -0.0034537 1 
1 0.0010413 -0.00126114 0 -0.00104085 1 0.000360308 0 0.00126151 -0.000358995 1 0 0.00721814 0.00719006 -0.00352368 1 
1 0.000904993 -0.00123744 0 -0.000904742 1 0.000203681 0 0.00123762 -0.000202561 1 0 0.0072654 0.00698745 -0.00355174 1 
1 0.00106128 -0.00126389 0 -0.00106097 1 0.000243982 0 0.00126415 -0.00024264 1 0 0.00718454 0.00703936 -0.00347223 1 
1 0.000885015 -0.00136303 0 -0.000884621 1 0.000289946 0 0.00136328 -0.000288739 1 0 0.00711814 0.00696894 -0.00345786 1 
1 0.000863011 -0.00126587 0 -0.00086266 1 0.000277957 0 0.0012661 -0.000276864 1 0 0.00722219 0.00707683 -0.0035124 1 
